-1.1579863887510975e+01
1.2270527601590365e+01
-3.8608023943240660e+01
6.9068193669178166e+00
5.7140786899418894e-01
-2.5393233057347352e+01
1.3689251986598906e+01
4.2045640634594346e+00
-3.1757989741314109e+01
1.3738204238111111e+01
3.9524646424293488e+00
-3.1838467100950492e+01
1.2418533249384952e+01
2.1879746190826356e+01
-5.0609212394707491e+01
-2.4163788122772725e-01
2.5700858486626261e+00
-2.3048681461500603e+01
6.3177628852072605e+00
1.2800108323890534e+01
-4.7216625720151903e+01
-5.5677657253038783e-03
1.9539088192837490e+00
-2.2534616028605271e+01
-9.7997261155332238e-01
2.6353319425649482e+00
-2.3614721588621851e+01
-9.0171573473317235e+00
1.3709367262942507e+01
-3.9936347354783457e+01
6.7528954744719547e+00
1.8258813072518656e+01
-4.8903427878817382e+01
-9.7935801395153685e+00
1.2412133911003451e+01
-4.0448042052845878e+01
-4.4758733634454995e+00
-7.8707336537065178e+00
-2.3299075968151907e+01
-9.7310778843146455e+00
1.3052435730298557e+01
-3.9799723105371854e+01
-1.3959977118761035e+01
7.8605217120823889e+00
-4.0653170350991921e+01
-1.2313015992054112e+01
1.0399247104858668e+01
-4.0372787730479956e+01
-1.1593133282542498e+01
1.0947564328938741e+01
-4.0429254631130476e+01
-1.5620969715732402e+01
1.3128885610129341e+01
-3.6110016919208569e+01
-1.2639023733884516e+01
1.3122051180269590e+01
-3.7340456181335959e+01
-1.4917585792660338e+01
1.0695321608712341e+01
-3.8200744220079592e+01
-1.5973626634138428e+01
9.4880641327852846e+00
-3.8567235198661564e+01
-1.5788080034959680e+01
9.2511422977857567e+00
-3.8820223140612029e+01
-1.3885400870474601e+01
1.2565941396476150e+01
-3.7179790872649484e+01
-1.2765662764758220e+01
1.2669416188256207e+01
-3.7836130040446143e+01
-1.4982657519323137e+01
1.1576518375598186e+01
-3.7299439767418050e+01
-1.2586316711728902e+01
1.3084106849286893e+01
-3.7655584835880340e+01
-1.4570671773234118e+01
1.2309919066660536e+01
-3.6925453087585083e+01
-1.3272207870166749e+01
1.1462271010540791e+01
-3.8184008822831380e+01
-1.1593276770430270e+01
1.1150747878523166e+01
-4.0265928493436974e+01
4.5681170067977508e+00
-3.3555365945775724e+00
-2.2558476746224738e+01
-7.3290309095838566e+00
1.4708511595872961e+01
-4.0420839812536556e+01
-1.3618242008124202e+01
1.1211424232592266e+01
-3.8496181467339980e+01
-1.1496379404391904e+01
1.1622834537191752e+01
-3.9878269559618722e+01
-1.1102746705517832e+01
1.3246104007365377e+01
-3.8626651884246215e+01
-1.2647709683544306e+01
1.2947847065605457e+01
-3.7536239948476762e+01
-1.0053053463542771e+01
1.2930980314980491e+01
-3.9752072606263788e+01
-1.0009903388344071e+01
1.3075166300071457e+01
-3.9732665596940492e+01
-1.4096984775476258e+01
1.0068817726517814e+01
-4.0592152470725850e+01
-1.5048322076856694e+01
1.2919837263029507e+01
-3.5887916048684176e+01
-1.0538206855954529e+01
1.4852319017695237e+01
-3.7591428553312220e+01
-3.7901328459415171e+00
1.6736597085803968e+01
-4.1455241529306498e+01
-4.3941168387207413e-01
1.8451739401118704e+01
-4.2640351532200185e+01
4.4882742013779264e+00
2.0011046823007486e+01
-4.5556947424200047e+01
-4.0820944985260903e+00
1.7174799020150676e+01
-4.0902396271550600e+01
-6.4779059179502827e+00
1.6268218322155118e+01
-3.9649261936045690e+01
1.8275012878858219e+00
1.9521556661814945e+01
-4.3754995412496896e+01
2.4588315961019593e+00
2.2979383363937766e-01
-2.1772149375617879e+01
1.0814608704079631e+00
2.3741369704692379e+00
-2.2215737040694705e+01
-2.3478304117093662e+00
3.0720508068765242e+00
-2.6818395280808357e+01
1.2878190875834914e+01
6.1986974367254266e+00
-3.2382101077978682e+01
-1.7425363958622035e-03
3.4245498224813513e+00
-2.3628810603476140e+01
3.0699113789051649e+00
2.3305736629148521e+00
-2.2664460619700485e+01
1.8380410694351097e+00
2.1002019915086478e+00
-2.2216873080881161e+01
1.1214149628478765e+00
2.1209459576455871e+00
-2.2256395732303719e+01
6.9203385744239299e+00
1.8131689304239586e+01
-4.9072506555888559e+01
-6.6836386705136031e-02
3.1170959377471332e+00
-2.3392657163883289e+01
4.8623835898346224e-01
1.8170097833439267e+00
-2.2258189937731085e+01
6.9207436562183160e+00
1.8132840125651740e+01
-4.9073699875762010e+01
1.3302096084076044e+01
1.1131642763215979e+01
-3.8062894732126573e+01
6.8545822372682679e+00
1.6986740026220136e+01
-4.9943418327287553e+01
-1.2309773346968815e+00
9.7425559529285199e-01
-2.3096104953122197e+01
4.0729311855164363e-01
1.5502144996828468e+01
-4.5865365619957110e+01
1.2680239436633075e+01
6.0898078600281895e+00
-3.2913614124763868e+01
2.4605348898032228e-01
-1.7798381905045686e+00
-2.1860547388486033e+01
-2.3138038931671603e+00
-3.1236810202471754e+00
-2.3668695898334605e+01
2.3722724183236101e+00
-3.1733631846444932e+00
-2.1374381014976201e+01
1.9436248938425418e+00
1.9761466697691406e+00
-2.2125486886582657e+01
6.1182605013927838e-01
-5.6255830631413772e-01
-2.2020271591958259e+01
7.2285936521280569e-01
-1.2499632510817698e+00
-2.2064282170464047e+01
1.3346375003070719e+01
5.6682832577455917e+00
-3.1538354008998713e+01
1.5490297728937743e+00
-6.6113717296356989e-01
-2.1897632483757928e+01
1.5090114417403424e+01
-4.4927045359846457e-01
-3.1619298204278003e+01
1.5997895737862852e-01
-8.2537356397869244e-01
-2.2260136961703129e+01
3.4153095127396038e+00
3.9008047958285856e+00
-2.4732170883976163e+01
6.2889487639491417e+00
1.1743979030041288e+01
-4.5306287262636147e+01
2.2851392640843269e+00
-1.0171472445637315e+00
-2.2063248560113905e+01
1.6875710102837854e-01
-6.9749583385908021e-01
-2.2208144551681968e+01
1.2709271842015113e-01
-9.9772958625550690e-01
-2.2314129990979737e+01
7.9382665133524535e+00
1.9776974099545065e+01
-4.8741192103188055e+01
1.1510137730590921e+01
2.0375534852016958e+01
-5.0844217676617134e+01
1.3617448036288275e+01
4.6757837884525433e+00
-3.1492847026137841e+01
1.8212149846561998e+00
-9.7843175428448625e-01
-2.2008238660715495e+01
3.5435011579373303e+00
1.6023873004271959e+01
-4.8081380235190018e+01
2.6749344690021015e+00
1.0897033817755881e+00
-2.1984859948836501e+01
1.1944723007203639e+00
5.2891369549385669e-02
-2.1814986172078321e+01
1.1882277471811211e+00
-1.7811301674355309e-01
-2.1804450016112447e+01
2.5770997332729104e+00
-5.7573421701883853e-01
-2.1974610550651018e+01
-4.6137175835356420e-01
4.9482078821872860e-02
-2.2443009198435458e+01
-8.0217420479373502e-01
3.0532903377794910e-02
-2.2649775377693807e+01
2.5346004192805762e+00
1.4712050133477682e+01
-4.8278726162018067e+01
1.2839692465885657e+01
6.8800749217248578e+00
-3.1894220799539696e+01
-1.5778607528841711e+01
1.1899986450643675e+01
-3.6277070912815660e+01
-5.6447972988841730e+00
-7.5924685201054842e+00
-2.3691075305345695e+01
-1.4405001819426532e+01
1.1837641860739295e+01
-3.7455309829511073e+01
-1.5643559242675765e+01
1.1111292176183950e+01
-3.7082679704099711e+01
-1.0484389699619641e+01
1.4495578783958548e+01
-3.8007280133980906e+01
-1.1219753588482957e+01
1.3981396228125853e+01
-3.7846243480644574e+01
-1.0746093018447219e+01
1.2833517518377395e+01
-3.9298468491521085e+01
-1.4375065164748145e+01
1.2415209262684622e+01
-3.6984224044743904e+01
-1.5202452925527311e+01
1.2778893630727540e+01
-3.5821658749643788e+01
-1.2703254442663471e+01
1.2488890419979416e+01
-3.8094076368416005e+01
-1.2376021883908800e+01
1.4219332120961580e+01
-3.6696731812416516e+01
-1.3198656586494584e+01
1.2299518246199016e+01
-3.7992894656781097e+01
-1.4414626813527372e+01
1.3238418710540426e+01
-3.6000950635243896e+01
-1.2309450643708310e+01
1.3875878084458353e+01
-3.7087754184893392e+01
-1.3136546796441490e+01
1.2470731000238677e+01
-3.7778348351209353e+01
-1.3972118311077955e+01
1.1867745607849260e+01
-3.7078227047718421e+01
-1.5280293356866633e+01
1.3184448344732846e+01
-3.6198665827624922e+01
-3.1257273857328127e+00
3.2670920769536398e+00
-2.8045435521882659e+01
-1.2538836967574857e+01
1.3255473167188713e+01
-3.7647694928323737e+01
-9.7436026416928261e+00
1.3397608409014875e+01
-3.9480425042313584e+01
1.5062223823147836e-01
-3.0004156077400568e+00
-2.1526630912395813e+01
-5.3875078044962355e-01
-2.8768449625159631e+00
-2.1769382181275791e+01
2.2058287315625741e-01
-3.0034168729983910e+00
-2.1486720519214394e+01
-6.7550532664955101e-02
2.8260883346913999e+00
-2.3152488482396070e+01
-1.6014327242238990e+00
2.1445568496643848e+00
-2.3943463434781457e+01
1.5442609878206972e+00
1.7883028733675530e+01
-4.4834379455625566e+01
1.7168025118965664e+00
1.0797740270061080e+00
-2.1829129572122387e+01
-1.6419289884355583e+00
1.6635947579165340e+01
-4.3208233826439610e+01
1.2878840589317665e+01
7.0227089804579474e+00
-3.1795708983232320e+01
-4.6144873338612297e-01
1.6950249070069177e+01
-4.3935071936848367e+01
-1.7779088853786802e+00
1.6695505006293843e+01
-4.3113825975467371e+01
1.5057821618980010e+00
8.5141685261563615e-01
-2.1777819567632527e+01
1.3173946548095568e+01
4.7824420505948906e+00
-3.2447348981629659e+01
-1.3355156368134271e+00
1.7049730113374380e+01
-4.3019804426647077e+01
3.8351735906846995e+00
1.6718953759010340e+01
-4.7702019136252169e+01
1.0751033040445346e+01
2.1962696787136636e+01
-4.9202912446261486e+01
-3.9301819439923045e+00
1.6367367071929070e+01
-4.1524521343158611e+01
1.5933160748619888e+00
2.5682329814473304e-01
-2.1761051095123239e+01
2.3003571746321270e+00
1.1004371186592032e+00
-2.1869116317080614e+01
1.3281515221117351e+01
1.1466782806596063e+01
-3.7893832471773294e+01
1.0688623077637835e+01
2.1043164181717970e+01
-4.9806589734923080e+01
1.9697640498552980e+00
2.2289507543193459e+00
-2.2325914392574393e+01
5.8081721246051607e+00
2.0776766663647276e+01
-4.5889765130840203e+01
1.2646658416712411e+00
1.9570898492300795e+01
-4.3219097174514935e+01
1.3313679815419604e+01
1.2742807658722864e+01
-3.7140746164773908e+01
2.3580515842203957e+00
1.7238167379970226e+00
-2.2053590990142212e+01
1.3904254591983339e+01
1.0834433476023458e+01
-3.6783430993697024e+01
-6.6774619238430089e-01
6.6614817927731207e-01
-2.2582931562561427e+01
1.3632262910727192e+01
3.8769630211103525e+00
-3.2191275644035109e+01
1.3619947279891745e+01
2.0757203030629427e+01
-5.2394733312142627e+01
-2.1107116903629684e+00
1.5251760192464232e+01
-4.2630607856291817e+01
-1.2482582198004983e+00
3.1208677654011177e+00
-2.4319087811271260e+01
6.9762357259849752e+00
1.8686431046745522e+01
-4.8517719834697381e+01
6.2851013198296055e+00
2.0784673433543922e+01
-4.6338088101137430e+01
-5.3516974802259010e-01
4.8386523153404842e-01
-2.2429967608693495e+01
5.5981867240157066e-02
8.6163928283772873e-01
-2.2168904047059375e+01
9.4814968306879255e-01
2.9941481531865738e-01
-2.1841300194631906e+01
2.4332189008110522e-01
1.0833357856733294e+00
-2.2126484923647393e+01
6.8978588669100045e+00
1.9529908962668685e+01
-4.8026495353807817e+01
8.4414195884589005e-01
1.7253972263842755e+01
-4.4824599571406196e+01
1.1319664976271856e+01
2.1720796625840052e+01
-4.9850460128509411e+01
3.8135890608224963e+00
1.8715119011969598e+01
-4.5732111432372562e+01
8.5397483123402047e+00
2.1251318949824810e+01
-4.7967935235805257e+01
1.0738715634651985e+01
2.1344728885129257e+01
-4.9765858038689089e+01
2.9055055831312147e+00
1.1822543914667001e+00
-2.2041660752578114e+01
2.0945421018396133e+00
1.0468298656110562e+00
-2.1821323116784658e+01
1.0457215333616734e+01
2.0912740102561937e+01
-4.9639289976513481e+01
1.4537426466329244e+01
2.2897904706807296e+01
-5.1596466831861811e+01
2.3837612271307937e-01
9.4568935197111259e-01
-2.2103960228402830e+01
1.7912212422286253e+00
1.1921009967776648e+00
-2.1852243343435251e+01
1.5870976762949624e+01
2.3403478647964533e+01
-5.2177168209328016e+01
1.3312976806993928e+01
1.1663966190494252e+01
-3.7820183178084449e+01
8.0282372375293534e+00
1.8625827553189907e+01
-4.9517130670326708e+01
9.0351041496348365e+00
1.8784405966628867e+01
-5.0436491413309732e+01
-8.1648189724049400e-02
2.8170514950399284e-01
-2.2210013376510108e+01
1.0565591874741552e+01
2.1491891221068066e+01
-4.9461027681609472e+01
1.2521818566897041e+01
2.2121206674226457e+01
-5.0447186341737911e+01
2.4079813586413698e-01
1.0890381435582304e+00
-2.2118778545737456e+01
1.3707442267442326e+01
1.0325918515590748e+01
-3.7595768859271764e+01
-3.5994139630509037e+00
1.6454195786761350e+01
-4.1879018347350701e+01
2.5220003514828662e+00
1.8074720228104578e+01
-4.5517680224441243e+01
1.8662338167217440e+00
-4.9948664860175740e-03
-2.1759335493394914e+01
-3.7962872689913763e+00
1.7537130159229442e+01
-4.0826428333825312e+01
1.3329116116686344e+00
1.9360832152402676e+01
-4.3449603846203630e+01
-3.1596982886365703e+00
1.5942560411207428e+01
-4.2580198093404142e+01
-3.5803765786535462e+00
1.6634852700957623e+01
-4.1694955132023573e+01
1.3174786427722927e+01
4.9467762026375883e+00
-3.2509990800756334e+01
1.3432927868368161e+01
1.1237344042588244e+01
-3.7621126012107482e+01
-1.5177858430730011e-02
2.5964649385708993e+00
-2.2993646670927657e+01
1.6348232490077144e-01
1.6452795531327354e+01
-4.4701787406395191e+01
1.0298483499515863e+00
1.7592367439501730e+00
-2.2115066146315701e+01
6.5261392849681787e-01
6.9356348092955789e-01
-2.1940035640537339e+01
-2.0967498467027368e+00
1.5397650641044731e+01
-4.2657804640034954e+01
5.3446852823900501e+00
1.9296342784309797e+01
-4.6829583330455790e+01
3.8576812100978959e+00
1.6920124763703758e+01
-4.7578401271822422e+01
-1.5830145466316305e+00
1.5927511612289817e+00
-2.3637252728344652e+01
-1.4261132713343880e-01
2.5772056705400073e+00
-2.3012641578770126e+01
-3.9920114776649429e+00
1.5062775442733910e+01
-4.2884172734575550e+01
-3.7934184249410490e+00
1.6728388557501102e+01
-4.1406761837419062e+01
-1.3426608213345019e+00
1.6409464649868045e+01
-4.3732369517928909e+01
-9.1987755317423736e-01
1.7650228753013897e+00
-2.3054095875573896e+01
1.0213715254714367e+01
2.1871868985795533e+01
-4.8858559864583370e+01
8.7233182929226993e-01
8.3605962817985580e-01
-2.1841121912285036e+01
-6.2221313613113138e-01
1.6682252176785770e+01
-4.4091333542925597e+01
-4.0535278302892014e-01
2.3542235560209379e+00
-2.3077287647238435e+01
2.7068330569683177e+00
1.9686092190769322e+01
-4.4358370930330807e+01
7.5098613298207217e-01
3.4705634808527958e-01
-2.1885868671316100e+01
-1.4897092914431598e+00
1.7167727204392765e+01
-4.2999652118556433e+01
1.3427961611749760e+01
5.7777296662111359e+00
-3.1207339529764269e+01
3.1603606370174915e+00
6.3465879557163285e-01
-2.1996214839094989e+01
2.3670509103135393e-01
1.8778780867546823e+00
-2.2387511805243690e+01
1.2998510013026326e+01
6.5947740017372443e+00
-3.1890765783294395e+01
3.0759445681129773e+00
1.7645126962660205e+00
-2.2295172100153462e+01
1.3173946548095568e+01
4.7824420505948906e+00
-3.2447348981629659e+01
4.9105527759774409e-01
4.7654761864979805e-01
-2.1970296610454923e+01
1.4387621623221496e+00
1.7068008378213226e+00
-2.1992413840992167e+01
3.6618325826528478e-02
1.7721053635270245e+01
-4.3799840504252863e+01
1.5701765559862352e-01
1.5568967035472417e+01
-4.5667946050651636e+01
9.5124306011403870e-01
1.9495732336836053e+01
-4.3121574860673640e+01
1.3527967695194629e+00
1.5801524191375171e+00
-2.1989786464191155e+01
1.3564104781027215e+00
1.7767396721437652e+01
-4.4778421235510301e+01
-1.1229856756955112e+00
1.7763341414478276e+01
-4.2811991117957781e+01
8.8811102514701956e-01
1.8314529729721347e+01
-4.3785059282989252e+01
4.9797546913241486e-01
8.7066842571968339e-01
-2.2003321238386800e+01
9.4465368779892589e-01
1.9476062859481591e+01
-4.3074337953050389e+01
1.4666468216970041e-01
4.7645994421372195e-01
-2.2101790634465928e+01
1.5622515886214194e+00
1.6925952184212241e+00
-2.1986788434392700e+01
1.0742111414162410e+00
1.8692232982171149e+01
-4.3776222631450885e+01
1.0465431956466290e+01
2.1880501115312914e+01
-4.9031651757933233e+01
4.8327788469013722e-01
2.3488431150265421e+00
-2.2474307625130788e+01
9.2392596469019894e-01
2.5502174884152695e+00
-2.2620750834719033e+01
1.0480552693530816e+00
8.1411296853808868e-01
-2.1855912229055455e+01
1.3687044470690795e+01
1.1338386043147386e+01
-3.6984916080586807e+01
-5.6062929353323576e-01
2.6419166127510758e+00
-2.3298468155041366e+01
1.3627780596193176e+01
3.4744672875923732e+00
-3.2458866972022449e+01
6.7233014355378353e+00
1.8460613642431646e+01
-4.8831495836879526e+01
2.5318460047397973e+00
1.8157902569691242e+01
-4.4971455245759344e+01
-3.3176259292222370e+00
1.5823867845338274e+01
-4.2710433471679430e+01
1.3668186535791298e+01
4.2810052247866510e+00
-3.1709136586120273e+01
1.5663473386571425e+01
2.3322503232293560e+01
-5.2165024838727959e+01
1.2937262068943896e+01
1.2242574957127189e+01
-3.8169627292554864e+01
1.2776605213685974e+01
2.2467136793337126e+01
-5.0498984313280964e+01
-1.1155115473553614e+00
2.7083670932027055e+00
-2.3775183578291717e+01
3.7098656717611052e+00
1.1582486437864037e+00
-2.2354746043430861e+01
-6.4145203102439119e-01
8.6934756146496239e-01
-2.2569668956973779e+01
-9.4734569478536268e-01
1.4482762723474965e+00
-2.2910315091040694e+01
1.3451239292179809e+00
9.3583387289747921e-01
-2.1837738141103703e+01
1.3307628896907202e+01
2.0840898708339608e+01
-5.2418062958783835e+01
-6.2214989706603570e+00
1.6186657627834421e+01
-3.9904436288678284e+01
-7.2919749591873728e-01
1.6471368382323107e+01
-4.4107241333775484e+01
-3.3000720330930191e+00
1.5985870662048496e+01
-4.2611532627998947e+01
-1.4211599176380831e+00
1.8527682084676744e+01
-4.1901952487650505e+01
-1.1893671407394315e+00
1.8746825865199639e+01
-4.1920434194948790e+01
6.7759023617658336e+00
2.0317270574295762e+01
-4.7247641652361018e+01
1.1946755124182056e+00
1.8661803657605144e+01
-4.3757264640110201e+01
-3.7461738438397361e+00
1.7299891121035202e+01
-4.1058853554763473e+01
9.6208081148436229e+00
2.1290456503123913e+01
-4.8736412350979123e+01
-3.6875902601668424e+00
1.7209759264002251e+01
-4.1234943836354702e+01
-8.3383971362551623e+00
1.4526216461110719e+01
-3.9715374479362723e+01
4.9420292293007489e-01
-1.8956610819292961e+00
-2.1847975981096457e+01
4.2379421673585341e-02
-1.8328696754981666e+00
-2.1969598784245367e+01
-1.8863546953639401e+00
-3.1297453040348810e+00
-2.3176822634885415e+01
-7.8874520461148134e-01
-2.9451352233961714e+00
-2.1913040653851876e+01
-2.0153863360467406e+00
-3.5863972602170273e+00
-2.3585253764311869e+01
-4.9143434065688290e+00
1.7046694350715093e+01
-4.0315032733045804e+01
6.8029112873744035e-01
1.8960950210956486e+01
-4.3173956978486970e+01
1.2924495090890220e+01
2.2635696198356804e+01
-5.0480163364618093e+01
2.9090742974058013e+00
1.6021422421586873e+01
-4.7628844385847131e+01
-6.6586373206952647e+00
1.3145298725515557e+01
-4.2280786275680200e+01
6.5302209222844831e-01
1.9496386828955092e+00
-2.2283959597536601e+01
-1.0577281988422094e+00
2.9187251502593261e+00
-2.3915274847967616e+01
1.3731303559146835e-01
1.1716374321473166e+00
-2.2192096450680033e+01
7.9768804337323198e+00
2.1212484806022619e+01
-4.7670916341532156e+01
7.0526497462736701e+00
1.9585142783047399e+01
-4.8120140426227380e+01
3.0482219458013180e+00
1.5937485606505764e+01
-4.7660841522930383e+01
2.3378956282502319e+00
4.4593610028636590e+00
-2.5199077776757143e+01
1.3073232302911600e-01
2.4562889237900278e+00
-2.2789238851128292e+01
2.3887713879207135e+00
1.6597563702341760e+00
-2.2051810992792387e+01
1.1775989971533072e+00
1.5249342401720325e+00
-2.2015494321849587e+01
3.1942341465616200e+00
8.3738279908692737e-01
-2.2040705757659147e+01
7.5000999152584225e-01
1.2836789001007169e+00
-2.1999465603455910e+01
-1.5110948872500776e-01
1.4752672615085594e+00
-2.2407503396796997e+01
9.7511706629293071e-01
-5.8127002870237654e-01
-2.1931175249622775e+01
3.8161430898889770e+00
-1.3071500666024993e+00
-2.2300449723907121e+01
-1.6577934869007274e-01
1.7497564949597930e+01
-4.3694285489668452e+01
1.3029283795334361e+00
1.7480962356728149e+01
-4.5185151754056214e+01
-3.1012866585702996e+00
1.6448603207277472e+01
-4.2238472174929413e+01
1.3379517671797775e+01
1.0874368133365975e+01
-3.8149521095222632e+01
2.8985558095198698e+00
1.6382721651255491e+01
-4.7302213342574262e+01
2.1603944856648170e+00
4.4397293967478104e+00
-2.5210187952453644e+01
3.1760560669991604e+00
2.0442618783314308e+00
-2.2424484204703674e+01
2.1389285412091801e+00
2.0309688061103768e+00
-2.2175797750636935e+01
-5.2653944547301199e+00
1.2819535950174448e+01
-4.3515082673917576e+01
1.3471475904292515e+01
3.8028629397836942e+00
-3.2652833212069972e+01
-5.6748971011392193e+00
1.2119744643604133e+01
-4.4069309268629226e+01
3.2319360355605178e+00
1.0085497798516574e+00
-2.2105949344425127e+01
3.3718702418984354e+00
8.9532060380375655e-01
-2.2163660820471922e+01
3.6183822123459013e+00
6.8825914643688402e-01
-2.2194486268801565e+01
5.4632860962281626e-01
6.7878032545576583e-01
-2.1960224853798465e+01
7.0469344323036753e-01
6.1313762288793305e-01
-2.1924211420245047e+01
-3.4774076011899653e+00
2.8569040084569313e+00
-2.7568704604324335e+01
1.1197841601590223e+01
2.0368961412891533e+01
-5.0311417249528382e+01
1.3180376468975668e+01
1.2316488147813304e+01
-3.7693107798738559e+01
4.2215032094868308e+00
1.8133088854479428e+01
-4.5448992330967606e+01
3.0315237799223627e-01
1.7680318495731147e+01
-4.4034654344324679e+01
-2.4241906741187558e-01
1.7237627939663945e+01
-4.3856448637037325e+01
2.4690329455809390e-01
1.7239932012955471e+01
-4.4374855384882387e+01
2.5010262619501383e-01
1.7027197770742685e+01
-4.4560418111906365e+01
-2.6985658552473648e+00
1.6381487464069885e+01
-4.2725355331635058e+01
3.1167492528313363e+00
1.6337986505095021e+01
-4.7771386793855598e+01
1.4683249185743799e-01
1.5061540316795281e+01
-4.6151806509692811e+01
-4.7314310771061647e+00
1.3260653836388952e+01
-4.3759597731998497e+01
-4.4296065458556499e-01
2.9730028869945127e+00
-2.3519223433156185e+01
3.4500406347032855e+00
8.1670278524717410e-01
-2.2184047079126312e+01
6.4799561238686709e-01
1.0846284931794368e+00
-2.1997691146294038e+01
9.4693898634193951e-01
7.3977076648523898e-01
-2.1875227262462776e+01
-5.6291400721258498e+00
1.6159734685041570e+01
-4.0539041511413487e+01
1.2953221013065061e+01
4.9583951345483737e+00
-3.3073232209934410e+01
-8.2668293883987842e-01
2.2077767475228347e+00
-2.3236602844110003e+01
2.3273935098244798e+00
6.5041601705037178e-01
-2.1815033839626121e+01
-2.4787539303068151e-01
3.8232689216280358e-01
-2.2280921770139607e+01
-5.9026241187242712e-01
3.4483983498153364e-01
-2.2513603340077097e+01
-5.5158007847295067e+00
1.5913657355331733e+01
-4.0762246556305072e+01
2.3452169545230683e+00
2.1269613860674279e+00
-2.2253331977133961e+01
-1.9108806015096844e-01
1.0746350675239820e+00
-2.2321514747816583e+01
4.2387755309494751e-01
-5.7072445079070955e-01
-2.2081416814058063e+01
2.3644940597435524e+00
1.2514710542621745e+00
-2.1950330513076878e+01
2.1218606072849129e+00
4.1387302158622014e-01
-2.1763649501318728e+01
2.9002334852736404e+00
8.8024242710935874e-01
-2.2036724373892429e+01
1.0596337564328666e+01
2.1687912047190075e+01
-4.9333436500081341e+01
1.0700915194493419e+01
2.1585353167727703e+01
-4.9454568269198028e+01
7.1474835662722507e+00
2.0482421554300821e+01
-4.7633431471721785e+01
6.5604230088307496e+00
2.0624133453199860e+01
-4.6818588281705722e+01
7.7422547597856921e+00
2.0684701658356648e+01
-4.8046453405147652e+01
1.6045380454694689e+00
1.9478978351542445e+01
-4.3585842484019750e+01
2.1517437992310424e+00
1.9679520081288821e+01
-4.3836050210728679e+01
-4.7563360931897520e+00
1.7232005353397955e+01
-4.0262128882186445e+01
7.7500911693818564e+00
2.0688840042267149e+01
-4.8063174178728779e+01
1.2734097395869661e+01
6.2690893516624424e+00
-3.2241478753836709e+01
-8.6156613338060524e+00
1.4267097435027649e+01
-3.9736811637824260e+01
-1.1680650689773870e+01
1.1559290698788930e+01
-3.9744904229012313e+01
-9.6698405560881113e+00
1.2772578104583332e+01
-4.0101510909424420e+01
-1.5601082428711162e+01
1.0529722949244523e+01
-3.7671835196934815e+01
-9.2984410927690888e+00
1.2656908068872230e+01
-4.0578799614166108e+01
-1.0637160426846958e+01
1.2742754359439088e+01
-3.9414785386259268e+01
-1.4955210218830899e+01
1.3207444976043030e+01
-3.5638007247094656e+01
-1.2469071735482089e+01
1.3669675930114074e+01
-3.7127700459418698e+01
-1.2156177873094601e+01
1.3727891517079764e+01
-3.7314234271663963e+01
-8.3135413873818411e+00
1.4145623316949260e+01
-4.0088934575702794e+01
-1.6287893369541440e+01
1.0745845490653471e+01
-3.7087420505023424e+01
-1.5628578488663202e+01
9.5620157135840103e+00
-3.8702732262272455e+01
-8.4560504566518393e+00
1.3761711855138206e+01
-4.0287226857998988e+01
-8.9670549734198239e+00
1.4133495643884169e+01
-3.9573704233509275e+01
-1.3864011474013568e+01
1.1164433707921425e+01
-3.8127256629327178e+01
-1.2849785271518769e+01
1.2465537394069854e+01
-3.8097816313033221e+01
-1.5696937714677444e+01
1.1609213172929644e+01
-3.6153485012868941e+01
-9.5505102642919084e+00
1.2969005919468502e+01
-4.0134972398510321e+01
-1.1600311462052771e+01
1.2240875419321718e+01
-3.8886228519174672e+01
-9.8505971405832664e+00
1.1988437342320776e+01
-4.0826364444345003e+01
-1.1984344252871335e+01
1.3138334490059540e+01
-3.7827951481962913e+01
-1.0769255041185978e+01
1.3640132415522542e+01
-3.8592776624353256e+01
1.3039387410373653e+01
1.0146010818079779e+01
-3.9368309602608882e+01
-6.7793081641459096e+00
1.3023104918053990e+01
-4.2430670301476333e+01
-7.1982272219413161e+00
1.2111766770793894e+01
-4.2750669683991774e+01
-6.3715692673838706e+00
1.1728180862593110e+01
-4.3777537853704665e+01
1.3172452402196718e+01
9.7039386434594057e+00
-3.9435976268424128e+01
-3.8051636790382610e+00
5.5992095400884718e+00
-3.8360811864286653e+01
1.3265150419386176e+01
4.7773026510196566e+00
-3.2382772556045431e+01
-3.3208315201096572e+00
3.0486155498182201e+00
-2.7833776744171050e+01
2.6202691634471966e+00
2.1758092809295420e+00
-2.2477122017106971e+01
3.1139079570655448e+00
1.2714931107608982e+00
-2.2188811227783077e+01
3.4898644322868106e+00
1.1523649429663632e+00
-2.2364620485895252e+01
3.5994699516078312e+00
9.7671419394666337e-01
-2.2258910489776117e+01
3.5612181654643362e+00
9.1050865872437947e-01
-2.2212144302326688e+01
4.5287718751472310e+00
9.3062370486155055e-01
-2.2820968688569426e+01
3.4711944944690796e+00
7.4104651014203737e-01
-2.2198993560947947e+01
1.3912000757504243e+01
6.1887287119407786e-01
-3.4023070499549362e+01
3.6150595733531921e+00
4.9246351351764234e-01
-2.2265413320478846e+01
1.8772099477108051e+00
2.9596119472741911e-01
-2.1758510540338261e+01
3.3070138731609200e+00
2.0888853752282893e-01
-2.2064324012029065e+01
1.4496443619357963e+01
-2.7938231103049793e-01
-3.2947919687657361e+01
4.3331975456572447e-01
-3.4531839007076248e-01
-2.2009583963828010e+01
1.5012936964761360e+01
-1.0180512648220477e+00
-3.2230344697846199e+01
9.6702947823165331e-01
-8.3078306808525593e-01
-2.2005960636283916e+01
1.5281020729414026e+01
-1.2347959521097709e+00
-3.1647768254048675e+01
1.7599443528689807e+00
-1.0912614289550662e+00
-2.2037607511519319e+01
1.8688458019370320e+00
-3.2621401227685918e+00
-2.1456902394157424e+01
1.9875124104275799e+00
-3.7049493110763749e+00
-2.1897640655783658e+01
5.3025399881470188e+00
-8.3660891979786562e+00
-2.3049063226402197e+01
-6.6747068060866157e+00
1.2921480221032416e+01
-4.2590434278066766e+01
-6.6747068060866157e+00
1.2921480221032416e+01
-4.2590434278066766e+01
1.3355182628798401e+01
1.1338722221455850e+01
-3.7777213426313011e+01
-6.8259500308521996e+00
1.2121420840582266e+01
-4.2935336718280844e+01
1.2933517677531272e+01
1.0623716978572329e+01
-3.9350604343072213e+01
-1.2471715153803732e+01
1.0399857311049727e+01
-4.0384341936944644e+01
1.3248397488298936e+01
9.7376139463275724e+00
-3.9123820828465036e+01
1.4608749324662711e+00
4.4076325504220772e+00
-2.5098561427220563e+01
-3.4342103618377693e+00
3.0669834378106628e+00
-2.7776221642489002e+01
1.2905406433514125e+01
3.8150397391282436e+00
-3.4065405447040170e+01
-7.8874179326073470e+00
3.1115224003638184e+00
-3.5632692957187693e+01
7.3941368550725672e-01
2.3074514031384279e+00
-2.2452754183823544e+01
1.3390952961921013e+01
3.1295723299334259e+00
-3.3457076519678878e+01
1.3246452762074721e+01
3.0887071186283976e+00
-3.3762888799857720e+01
1.3660452623563035e+01
3.0550166651546689e+00
-3.2766318794466493e+01
1.5196312177465310e+00
2.0233668551241926e+00
-2.2150787396146665e+01
2.9378999525318155e+00
2.0048742648414799e+00
-2.2351257653382440e+01
3.1905614698408384e+00
1.9451206399763989e+00
-2.2382121057244891e+01
-4.9417041723712513e-01
1.2488788614345070e+00
-2.2551177615565496e+01
3.7469926545001973e+00
1.0213094717343518e+00
-2.2411187241322978e+01
1.6323948537104125e+00
7.0810245580302977e-01
-2.1788854744716335e+01
1.3725446635003459e+01
7.0438035221991802e-01
-3.4190916914234556e+01
5.6779653077630252e+00
5.0451134974385514e-01
-2.4016934753761699e+01
1.3789076048436812e+01
4.9166556959002278e-01
-3.4185421811550050e+01
2.9932560579569398e+00
5.5428992060057337e-03
-2.1952475504445935e+01
2.3393691397425402e+00
-1.0765148378007829e-01
-2.1809247640025315e+01
-3.1532719742694448e-01
-3.1789012701534664e-01
-2.2363347250537050e+01
3.6328726852305158e+00
-4.7660612770644539e-01
-2.2235906186043348e+01
-5.9335358605152966e-01
-6.4280757459017224e-01
-2.2574103523465805e+01
3.9567090551376927e+00
-6.4861053126369350e-01
-2.2459283695745597e+01
3.7582304678979845e+00
-6.7419819576387430e-01
-2.2359380341227190e+01
3.2368544372085544e+00
-8.4931801677447916e-01
-2.2243129459945870e+01
7.3281446501208762e+00
-1.1577420077561993e+00
-2.3856148595510291e+01
6.8125835246942064e+00
-2.2000429621047375e+00
-2.4112746836524149e+01
4.6476777804759415e+00
-3.3994173592489885e+00
-2.2681616420915955e+01
3.9013150122566631e+00
-3.6035928312644243e+00
-2.2317151907235640e+01
3.9175577685416014e+00
-3.6726021716230730e+00
-2.2390012821973801e+01
1.2804247160876542e+01
-4.8526087254846262e+00
-2.7926836331228632e+01
1.2325376930213263e+01
-6.0406002087459854e+00
-2.6413369784674561e+01
-3.5120503921834203e+00
-8.4712664890287677e+00
-2.2745686111610688e+01
-3.5689469262160394e+00
-8.5313968834385960e+00
-2.2611493457434822e+01
-1.9417196019086314e+00
-8.6880655710488934e+00
-2.2488445072119063e+01
1.8809533283205546e+00
-8.6098091206422840e+00
-2.2534845289458261e+01
-1.9787365499801832e+00
-8.7682030607763028e+00
-2.2355054017934648e+01
1.3121162503090421e+01
1.1801209702737944e+01
-3.8036258468209986e+01
1.3118513084674026e+01
1.1800592594343462e+01
-3.8026014488180508e+01
-9.0741982189091495e+00
1.2019953640315061e+01
-4.1260232966271886e+01
1.3834748761675558e+01
1.0811357348664528e+01
-3.6931951104069057e+01
1.3136063341396255e+01
1.0674460632569952e+01
-3.8798880243631515e+01
1.3136063341396255e+01
1.0674460632569952e+01
-3.8798880243631515e+01
-1.2370637691396828e+01
1.0264978606370491e+01
-4.0482165990939833e+01
7.3594950240987149e+00
9.8690743168688506e+00
-4.3872105460502041e+01
1.9323468819977039e+00
9.3028830381177343e+00
-4.2656822372177906e+01
6.5134053586197878e+00
8.0570953954204967e+00
-4.1830435758774691e+01
1.2733669932944519e+01
6.2561457698677989e+00
-3.2244099469488923e+01
-2.1795521450295423e+00
6.2023215704168022e+00
-3.9074355071312581e+01
-4.0433244826090800e+00
5.5351215464776775e+00
-3.8572832189036632e+01
1.3620034852282583e+01
4.6536198316515911e+00
-3.1505385847660758e+01
-2.5474021722467874e+00
3.0061929112808907e+00
-2.6848224180956642e+01
-7.2991705470204522e+00
2.8081121644501565e+00
-3.5224099191552071e+01
1.2162023683746310e+00
1.6290967143583381e+00
-2.2034934524251845e+01
1.3754271582407611e+01
9.2605734273804852e-01
-3.4249916228043958e+01
1.3814600384587012e+01
5.8955830267090137e-01
-3.4075982115741660e+01
3.0575191278336447e+00
3.9054065171812197e-01
-2.1956665936925550e+01
5.5267522150577433e+00
3.2867942429945102e-01
-2.3762241832197912e+01
1.4188956022576882e+01
-8.4301461441734254e-02
-3.3575198830549375e+01
4.9237760800996727e-01
-4.2129750426203699e-01
-2.2048568135737725e+01
5.2508316394660604e-01
-6.7143549218765120e-01
-2.2065009775315708e+01
-7.2844450939570313e+00
-1.8020641722939261e+00
-3.0153430656791141e+01
-7.2048225078591868e+00
-1.8865810312978921e+00
-3.0058473842520097e+01
-7.4786185900386242e+00
-2.3372508812044979e+00
-2.9450858977432123e+01
-2.3135806242663755e+00
-8.1674511918529955e+00
-2.3013432506165490e+01
-6.6018794817268773e+00
1.2215224488014972e+01
-4.3070127514909601e+01
1.3810501064590264e+01
1.0227474340613403e+01
-3.7410813066003982e+01
1.3776070176880699e+01
8.7178383156222683e+00
-3.8422453485103539e+01
5.8385008696750198e+00
8.3963023154175218e+00
-4.2031633913134343e+01
1.3583970446532678e+01
4.3037944558182915e+00
-3.1912211009947967e+01
1.3336195623316698e+01
3.9858873904380228e+00
-3.2863134008056278e+01
1.2977843237337545e+01
3.6515135302817767e+00
-3.4398028740304703e+01
4.2883672873100522e+00
2.6788347598426521e+00
-2.3387063045992285e+01
-8.0856732800885958e+00
2.8528868180967057e+00
-3.5287609468753743e+01
-7.3734640914773717e+00
2.3641951451135328e+00
-3.4780335138550889e+01
1.3425031466450065e+01
2.0703996872529693e+00
-3.4189476525957701e+01
1.4125061696417948e+01
2.0004755995801080e+00
-3.2328412271114772e+01
1.4703165893254319e+01
5.4588563220382502e-01
-3.1569095238252672e+01
1.4857203403412187e+01
4.1329914170303839e-01
-3.1505166538397983e+01
1.4707526865951301e+01
3.7930227874355427e-01
-3.1919407454150800e+01
3.1387165900160374e+00
3.2068649920167114e-01
-2.2011478990866500e+01
1.5330269203598563e+01
-1.8291300621632509e+00
-3.1616260176299754e+01
1.9950568182048922e+00
-4.2141491300596767e+00
-2.2403305646751033e+01
-1.7747957274246009e+00
-8.9573848662927205e+00
-2.2159666466150043e+01
-1.2237103001757021e+01
1.0459314549100682e+01
-4.0385882001541972e+01
1.3359109743712462e+01
1.0227817498228230e+01
-3.8548290288727998e+01
-2.3317094350784395e+00
1.0436402516038370e+01
-4.3568016410691321e+01
1.3204808509484829e+01
9.5655731083203364e+00
-3.9448860150950360e+01
1.3546591877132856e+01
9.4057472124651653e+00
-3.8628396933831183e+01
1.3896128217080715e+01
8.6678182143515272e+00
-3.8031610435141367e+01
9.8913940057919669e-01
8.7005171227333111e+00
-4.2000329305868519e+01
8.4641268052820156e+00
6.9194128503003940e+00
-4.0882788213774383e+01
8.4641268052820156e+00
6.9194128503003940e+00
-4.0882788213774383e+01
1.3022352808078631e+01
5.5492104093326660e+00
-3.2476529825970168e+01
1.1738673319666340e+00
2.5085839004568671e+00
-2.2557771580173831e+01
1.4708230191880807e+00
1.8897010850422411e+00
-2.2115469671874457e+01
1.3413720869910566e+01
2.4683820479375398e+00
-3.3791755141570782e+01
5.7419682638983298e+00
1.0265275992380383e+00
-2.4164569619276932e+01
5.5774394667089968e+00
1.0077447890001150e+00
-2.3874833808573797e+01
2.7995102413783512e+00
-6.3092822526827830e-01
-2.2016905159198338e+01
1.2549120518481047e+01
-5.1221146329050056e+00
-2.7589940745634504e+01
8.9850258337226272e+00
-7.1399861608130912e+00
-2.4806584459524192e+01
1.2955552449414096e+01
1.0280088216766298e+01
-3.9370216727319139e+01
1.3811894088520695e+01
9.3318219568727141e+00
-3.8094266590669548e+01
1.4024507935468939e+01
8.8422789521431646e+00
-3.7922735201657709e+01
1.0304081181457136e+00
8.4320471428313652e+00
-4.1944315577768393e+01
2.2764108771547598e+00
3.1459298577705543e+00
-2.2205738546085918e+01
1.3560420199889380e+01
3.8772273859016346e+00
-3.2373942683450565e+01
1.4605625287569223e+01
2.7723475195875058e-01
-3.2160002887550256e+01
7.5381615707929772e-01
-4.2215428707652469e-01
-2.1936701846703539e+01
2.9621968124677216e+00
-5.2505252353402843e-01
-2.2106287848650030e+01
6.7547800480978681e+00
1.2170646851780610e+01
-4.6263446769538163e+01
1.3267559199533689e+01
3.2351667958704433e+00
-3.3207094877968522e+01
1.2439144782732786e+01
-4.9248188817355780e+00
-2.7938798491080195e+01
-1.6179696737596956e+01
9.2120833003541289e+00
-3.8700056143411935e+01
-1.0810040317138974e+01
1.1044315775546545e+01
-4.0825046570468515e+01
-1.4684334354655798e+01
1.3247571167138767e+01
-3.5835540414618762e+01
-1.4585304277715160e+01
1.3280433456664932e+01
-3.5884757410858725e+01
-1.5304868559007764e+01
1.0892723964770925e+01
-3.7132054826366776e+01
3.8609558239527781e+00
2.0038765633496848e+01
-4.5142832902562063e+01
1.5362227677556021e+01
2.3276926589424363e+01
-5.1860881768339020e+01
9.7886145557842088e+00
2.1179539207143225e+01
-4.8974474868173878e+01
1.1440660023989215e+01
2.2457479023469368e+01
-4.9735999931526067e+01
1.0275777677717313e+01
2.1569233146676705e+01
-4.9137219872444376e+01
5.0180992194392378e+00
2.0597384537305320e+01
-4.5631546622865052e+01
1.5385209895605070e+00
-6.0908517475569175e+00
-2.2994738419095246e+01
1.3156049810007520e+01
6.2178197203694214e+00
-3.1743074706897577e+01
1.3462523091432615e+01
1.2187028794601542e+01
-3.7138111315005219e+01
1.2217699382379823e+01
1.8803595995557323e+01
-5.2675024436439514e+01
1.3616127264654313e+01
2.0415951305982755e+01
-5.2599317739231829e+01
1.3884794268262457e+01
1.0589865697389941e+01
-3.7015339839407247e+01
1.3348626455460051e+01
1.0222363187857610e+01
-3.8526319793792538e+01
1.2846789835865140e+01
1.0343510368218645e+01
-3.9755594314581337e+01
1.0911986707051931e+01
2.1798064238332067e+01
-4.9463717835446680e+01
1.3482747062235507e+01
1.2213475838009591e+01
-3.6904995446547524e+01
1.3232548144211954e+01
1.2676325932995983e+01
-3.7205931307793072e+01
1.2896328075051539e+01
1.2027558459493017e+01
-3.8479356925359859e+01
1.3351020011304570e+01
5.8919495233710268e+00
-3.1403787725421793e+01
-1.1423003424664489e-01
1.8684919813872696e+01
-4.2871563689748719e+01
-8.7134527738957757e-01
1.0753965345552747e+00
-2.2779783933619022e+01
-8.5695990167751894e+00
1.2835445122611006e+01
-4.1065539952335563e+01
-9.7953803130368602e+00
1.3125121043465469e+01
-3.9774959106322292e+01
-1.6483426256473493e+01
9.8796106063294378e+00
-3.7708352645358453e+01
-1.4597358792870798e+01
1.2022135946045712e+01
-3.7143828732186009e+01
-1.3138017994383157e+01
1.0394691806076420e+01
-4.0087906109158958e+01
1.2051942645623107e+01
1.8959235055655743e+01
-5.2505932049020871e+01
3.5279915820003502e+00
1.5814532041258168e+01
-4.8185488825119492e+01
1.2230507867205901e+01
1.8814945943896912e+01
-5.2697529908185409e+01
-5.3117673359478292e+00
5.2564808254010309e+00
-3.8156558809311854e+01
3.8186839994587760e-02
1.7734318675653434e+01
-4.3820826453339414e+01
-2.7102730111331881e+00
1.5908054193198634e+01
-4.3102391618710392e+01
2.3191330162400039e+00
1.4583536458038397e+00
-2.1974452344784584e+01
1.2367131784227647e+01
1.8149393881187340e+01
-5.3191059873223487e+01
-7.2252332438616518e-01
1.9644315069107859e-01
-2.2567423483678276e+01
-1.3592583254957022e+01
1.2401462956108633e+01
-3.7536320663069773e+01
-3.5525562043746923e+00
1.7556943690709542e+01
-4.1115843858877867e+01
-1.2000130110056499e+01
1.2606951077677941e+01
-3.8475155801478010e+01
-1.4474396242879353e+01
1.1927547156326131e+01
-3.7375142950917308e+01
-1.3432488407662918e+01
1.2225165632886743e+01
-3.7802287585993881e+01
5.3070081716821049e-01
1.7905236682620593e+01
-4.3964226166358621e+01
-2.0556406592613850e+00
1.4928251295805270e+01
-4.2840571551830912e+01
-5.8891544014919157e+00
1.5082689408486146e+01
-4.1251444309913772e+01
-4.0273266296695043e-01
1.4091735046420100e+01
-4.6525313737928656e+01
1.1987775152733271e+00
1.9212101859039510e+01
-4.3495651545589546e+01
3.8461787582407112e+00
1.6098021163755650e+01
-4.8270039714720873e+01
1.4823343062442979e-01
2.7126585309962583e+00
-2.2941846550535978e+01
-3.9710541243616251e+00
5.6629189171125827e+00
-3.8789428620556620e+01
1.7982296682734291e+00
1.9786071260633289e+01
-4.3537289250213213e+01
-6.3964076715604197e+00
1.5282513385579289e+01
-4.0738653899324298e+01
-8.2932852706594173e-01
2.4167978677410162e+00
-2.3327831864041727e+01
3.1219195214552420e-01
1.7996365020634691e+01
-4.3878113798407384e+01
-1.6039797865034380e+00
1.6985705894726362e+01
-4.2964722313289847e+01
-2.0631949885249923e+00
1.5197171987212249e+01
-4.2651453227539726e+01
-3.4057369574705727e+00
6.3522265475108304e+00
-3.9355264735772820e+01
8.0243064084968097e-01
2.6504684715638263e+00
-2.2748848996937564e+01
1.3323744230183482e-01
1.9981335893392886e+00
-2.2498001301789497e+01
1.4640124846989182e+00
1.5986456639121600e+00
-2.1974535854862165e+01
1.4659174379486792e-01
1.8773338519058054e+01
-4.3241925387523658e+01
7.2748122730040987e-01
2.4031627305401591e+00
-2.2490811447735425e+01
-7.4371264559022010e-01
1.8241565059662417e+00
-2.2951073561484360e+01
1.5264246506405277e-01
1.3450905053643327e+00
-2.2216801383096357e+01
1.2624987451332395e+00
2.1455953097635723e+00
-2.2250248915753062e+01
-4.5118400730134123e-01
2.1188520406052782e+00
-2.2863278475788075e+01
2.6184294879223208e-01
1.7761813987793191e+00
-2.2344772379464043e+01
8.5649922328417283e-01
1.6719831843282422e+00
-2.2110000318612428e+01
-3.7452157564082234e-01
1.2234160620494714e+00
-2.2477639242488717e+01
2.0394305098608525e+00
1.1741413871805730e+00
-2.1864199508029312e+01
6.6334874729589330e+00
2.0019384797453995e+01
-4.7432190116679507e+01
7.8274790193955390e-02
1.6141172835098627e+00
-2.2290536398951382e+01
-7.6345698059645217e-01
2.6164714742511395e+00
-2.3421384786955297e+01
2.3082844948190732e-02
2.3810921669953689e+00
-2.2769092436609988e+01
6.7266303728976018e-01
1.9525093944540304e+00
-2.2279828976892308e+01
9.4687869339406328e-01
1.4174904845738312e+00
-2.2027172797384299e+01
2.0384828957428431e+00
1.9875425455349159e+01
-4.3650068496940172e+01
3.4805989160787704e-01
1.8433308487939897e+01
-4.3446077964207149e+01
3.5391766969448049e+00
2.7094537247752619e+00
-2.3232524349305901e+01
-1.6260478170535215e+01
1.1747586494273868e+01
-3.5975739678531347e+01
-1.5185087371742719e+01
1.0563809134754013e+01
-3.8081147916396311e+01
-9.1614214817127877e+00
1.2807309017781520e+01
-4.0491938472326702e+01
-8.9484466374449081e+00
1.2694003224143232e+01
-4.0841291595769867e+01
-1.1764150810866790e+01
1.1037631224479236e+01
-4.0282359879578308e+01
3.4121899192637534e-01
1.9067154577263583e+01
-4.3022186066693841e+01
1.0344921933185969e+00
1.9376521214623306e+01
-4.3482417396959519e+01
3.7973588844111938e-01
1.8840793230842547e+01
-4.3172965223760571e+01
-1.5199955305257642e+01
1.0438911128920825e+01
-3.8182991742446731e+01
-1.0890270808025216e+01
1.1176925955390118e+01
-4.0810078805004430e+01
-1.2432821424321117e+01
1.4037654693634908e+01
-3.6866041267147438e+01
-1.5081387541752221e+01
1.3041448309227734e+01
-3.5703326835510474e+01
-1.5081387541752221e+01
1.3041448309227734e+01
-3.5703326835510474e+01
-1.4350153486755556e+01
1.2665989837534722e+01
-3.7036805442410333e+01
-1.2542624047657153e+01
1.2846706651556167e+01
-3.7814989557433670e+01
-1.5634208378304665e+01
9.2307925401026321e+00
-3.8754328893293263e+01
-1.4970696353720415e+01
1.1564315552627138e+01
-3.7275751339833676e+01
-1.4078901072018196e+01
7.2003023674889883e+00
-4.0289418414334058e+01
-1.3977982067493906e+01
7.0052389733597087e+00
-3.9948405541636525e+01
-1.3454872852897894e+01
1.2691477451347810e+01
-3.7380377615146770e+01
-1.2758982948193356e+01
1.2888088970661727e+01
-3.7605748091736949e+01
-1.4505357832273546e+01
1.2081626195858119e+01
-3.7125582357761260e+01
-1.6001468752071339e+01
1.1850890851330901e+01
-3.6139549924531131e+01
-1.1096147383874841e+01
1.2758839461854285e+01
-3.8950530109208657e+01
2.6492990050744840e+00
-7.3812404259863951e-01
-2.2030567923660406e+01
-1.0873885829249222e+01
1.1272901321372144e+01
-4.0666762376683671e+01
-1.4880232876790350e+01
1.0485413837049981e+01
-3.8426883791700050e+01
-1.3639302083157345e+01
1.2503894114427609e+01
-3.7429855934613258e+01
-1.6224057389851396e+01
9.8379353108314884e+00
-3.7976657071500142e+01
-1.6025991757416939e+01
9.4917930021974257e+00
-3.8383507990003068e+01
-1.1204633564260009e+01
1.2159778227812103e+01
-3.9543024841581918e+01
-1.2693487006507127e+01
1.2779065192469794e+01
-3.7998688392641093e+01
-1.3734824429587485e+01
1.2152046410214545e+01
-3.7734538361208777e+01
-1.1775492365859835e+01
1.9743620676495059e+00
-3.4250550083529582e+01
-1.6059061321679572e+01
9.5151108091040921e+00
-3.8501416281688485e+01
-1.4683075301857398e+01
1.2116491186223216e+01
-3.7145911472343741e+01
-1.5639176670221429e+01
9.4190825076545810e+00
-3.8865772727949583e+01
-8.1638306083679204e+00
3.0245755946356203e+00
-3.5633940477039829e+01
-1.1649195338316243e+01
1.3205424665024196e+01
-3.8284162618004565e+01
-8.8990092294934016e+00
1.3580469117621703e+01
-4.0048441944627690e+01
-1.5710625648478045e+01
1.0521607139056997e+01
-3.7736541917478469e+01
-1.5637116949787613e+01
9.4166710225320323e+00
-3.8863138849746768e+01
-1.4507718434606650e+01
1.1958483106715635e+01
-3.7217628662406717e+01
-9.0859053984263536e+00
1.4247778890992997e+01
-3.9357590242529952e+01
-1.0742920987632715e+01
1.1594045810264834e+01
-4.0328770006713555e+01
-1.4295301737648735e+01
1.1953290636496453e+01
-3.7514857438435854e+01
-1.0401621010167460e+01
1.3697381259385930e+01
-3.8903870901526709e+01
-1.5953487349712205e+01
1.0102338962878422e+01
-3.7869314767006564e+01
-1.2308717200852993e+01
1.4023744719366791e+01
-3.6897921641267601e+01
3.5929275992260162e-01
-5.0827554693997545e-01
-2.2074009411672282e+01
1.3429669627958301e+01
1.2342634013886821e+01
-3.6892661114187256e+01
1.3036142689929889e+01
1.0669003265775372e+01
-3.9006198866699833e+01
1.3035486093219884e+01
1.0668214477769038e+01
-3.8999341419962931e+01
1.3074390120248811e+01
1.0446558921508952e+01
-3.9239920177045832e+01
1.3374320044532158e+01
1.0874975737954548e+01
-3.8136776339079198e+01
1.3683800998309906e+01
3.9475348606507730e+00
-3.2050478530821557e+01
2.1592244656593573e+00
2.2335240964855943e-01
-2.1776992726167759e+01
1.3586469094429626e+01
3.6356929272493490e+00
-3.2482910344555179e+01
1.3560376958366517e+01
3.2452359786689966e+00
-3.2856810407261079e+01
1.3387516489803605e+01
1.1958885403362572e+01
-3.7373533295848389e+01
1.3219595228733828e+01
1.1852180109840161e+01
-3.7923507949038793e+01
1.3509856902753866e+01
1.0681348691041286e+01
-3.7859084836866430e+01
1.3671954162070652e+01
4.4164021637287689e+00
-3.1650112441670768e+01
1.8555880161650031e+00
4.1039721974683535e-01
-2.1764143283028954e+01
-4.6634705477245769e-01
-3.9748297673892419e-01
-2.2485999785299722e+01
1.3029702997386789e+01
6.2439925101473408e+00
-3.1888662611828710e+01
-1.1318639936052584e+00
1.6795734748372091e+00
-2.3191196918429096e+01
2.6557263577419432e+00
2.9192062893993852e-02
-2.1756506783650057e+01
2.4216891671161669e+00
-1.9289456015890866e-01
-2.1788509410198131e+01
-1.1132729793941980e+00
9.8604558799940900e-01
-2.2982406697039021e+01
-3.7637552237627420e-01
4.7337089016250783e-01
-2.2371028638405335e+01
-2.4745015328919776e-01
3.8233022467146571e-01
-2.2279164463040349e+01
-8.6512374419960222e-02
2.8291820663156719e-01
-2.2213644281266625e+01
1.9557014606645857e+00
-4.0789055401776797e-01
-2.1841935163311575e+01
1.9575928861814555e+00
-4.0871280159119217e-01
-2.1845760386240336e+01
-7.6450798585915658e-01
4.5581722264269786e-01
-2.2604289182647474e+01
1.8761281887365027e+00
-5.3879770353039347e-01
-2.1847814671419730e+01
-1.6703946564170877e+00
8.2661876125555811e-01
-2.3546407767436200e+01
1.3248635951502827e+01
1.2407123305240928e+01
-3.7315941091192840e+01
-8.1055289977101141e-01
7.1038104329352902e-01
-2.2645755963516404e+01
-1.2945560607392654e+00
7.1079959574566853e-01
-2.3121349594928766e+01
4.7967264739696325e-01
-1.9895477885529866e-01
-2.1982323436359575e+01
4.8027308015032721e-01
-1.9126087957501389e-01
-2.1986493958970158e+01
8.9953103244214017e-01
-5.1035794481411045e-01
-2.1930981874044392e+01
9.9081161562611975e-01
-1.4076996523746421e-01
-2.1834991158489476e+01
-9.6493242696672166e+00
1.2545528331190612e+01
-4.0459090192293644e+01
-1.1806049678969590e+01
1.3301576789326191e+01
-3.8116824292951208e+01
-1.3675843584112444e+01
1.2547899670385023e+01
-3.7522186195747160e+01
-1.3011099569971838e+01
1.2316973192733011e+01
-3.7966197568513223e+01
-9.8343934868025364e+00
1.3961409695599576e+01
-3.8936106362248793e+01
-1.5881100822088426e+01
1.0468775567488175e+01
-3.7507273587842135e+01
-9.9155867642859725e+00
1.2998725212752589e+01
-3.9820468099249254e+01
-1.3886834241188799e+01
1.2210830406903799e+01
-3.7585526615893791e+01
-1.6028762564803401e+01
1.0409326816947569e+01
-3.7611683259003996e+01
-1.0866855596064903e+01
1.1415622366484678e+01
-4.0447826515066993e+01
-1.2841075159857587e+01
1.2702047619722615e+01
-3.7737665227979384e+01
-1.6028762564803401e+01
1.0409326816947569e+01
-3.7611683259003996e+01
-1.5893311160302879e+01
1.1472267764823862e+01
-3.6550155612927732e+01
-1.6338299015245745e+01
1.0645886203797314e+01
-3.7030057140455973e+01
-1.2007195309180398e+01
1.2613999862772459e+01
-3.8496571541779282e+01
-1.2295912977404988e+01
1.2452107675163202e+01
-3.8401927990117557e+01
-1.3161356712392944e+01
1.2380776697118590e+01
-3.7948131924925164e+01
-1.1652113241280059e+01
1.3203722959884642e+01
-3.8291526779254184e+01
-1.0640853780562681e+01
1.3023249504594618e+01
-3.9224070034009223e+01
-1.6173841385073722e+01
1.0755428031643632e+01
-3.7199990992032681e+01
-1.3282071426024604e+01
1.2566854913708022e+01
-3.7688999710620052e+01
-1.1102719352368053e+01
1.3140407011619079e+01
-3.8676893749523217e+01
-1.5635304142862367e+01
1.0413316908958153e+01
-3.7698018863567007e+01
-1.5367577655689113e+01
1.2206200705857775e+01
-3.6242587561370691e+01
-1.5125502078214714e+01
6.2089292110509664e+00
-3.9074235890164594e+01
-1.4650786570914722e+01
1.1650860115868628e+01
-3.7445016146702692e+01
-1.0926343397497352e+01
1.3405363389412329e+01
-3.8679019020180213e+01
-1.6188685301010583e+01
1.0026674227156063e+01
-3.8446752231310285e+01
-1.6009562192463900e+01
9.9270825707597830e+00
-3.7970394715094578e+01
-1.6356153049106293e+01
1.0659844433573110e+01
-3.7071505826772189e+01
-1.4188961447575929e+01
1.2275043233367530e+01
-3.7260530922748252e+01
-1.1102413854270161e+01
1.3140317889550419e+01
-3.8681018779364216e+01
-1.6240784897032214e+01
1.0628621253956055e+01
-3.7167961985622306e+01
-1.4791569291514602e+01
1.2255190410450574e+01
-3.6849203568164100e+01
-1.0554121892124263e+01
1.3545777486250591e+01
-3.8822706011560115e+01
-1.2999961914658762e+01
1.2746619690917596e+01
-3.7563203882452868e+01
-9.9491659989336245e+00
9.5554563741354193e-01
-3.3467371557865270e+01
-2.5222296956194983e+00
2.8727121689055406e+00
-2.6586192785569100e+01
9.2629938510250405e+00
1.9512456030908066e+01
-4.9562645445421381e+01
1.1151588952969322e+00
1.7743078720974257e+00
-2.2128072325085405e+01
1.8831989697664158e+00
1.0478038559403799e+00
-2.1813597487554411e+01
2.5794694703921013e+00
6.6974291287676158e-01
-2.1842866229471088e+01
3.7313412167136200e+00
-3.9394930939025818e-01
-2.2302899107365430e+01
1.4498697661071466e+01
1.9417486959693044e+01
-5.4244451060822769e+01
-7.3565645428000321e+00
2.5621045824095421e+00
-3.5025515540968044e+01
-8.3296536270533608e+00
1.6306808698477455e+00
-3.3986786006155334e+01
-6.8481250335925070e+00
1.1921048586688183e+01
-4.3252063347585747e+01
-3.3398078682317964e-02
1.6619465895289615e+01
-4.4806188809058654e+01
-1.3174739101538931e+01
1.2862487881052058e+01
-3.7362656982570876e+01
-2.6336153864924405e+00
-8.0428439420243762e+00
-2.3225618070820580e+01
1.0222419924875080e+01
2.1990114167753188e+01
-4.8927631791045890e+01
-8.6771576275845899e+00
1.3674760908873104e+01
-4.0186628781545991e+01
-8.2382378453950889e+00
1.3638651549770362e+01
-4.0469120840904402e+01
3.3441411262301139e+00
2.5727961477045952e-01
-2.2042838130615412e+01
8.7621350403009546e-01
5.6367657800171522e-01
-2.1898824853588032e+01
2.1183121212752400e+00
-1.6508960345950217e+00
-2.1667846938099363e+01
1.3718640580938045e+01
1.0314522929090822e+01
-3.7598510348377566e+01
5.0101629768323637e+00
-1.0176872856853798e+00
-2.2712799198368728e+01
2.8380861936647062e+00
-8.7462290120208808e-01
-2.2106610457264459e+01
-8.5449696985294139e+00
1.3922052748652993e+01
-4.0172387368381571e+01
-8.5296727790880169e+00
1.3902987089426873e+01
-4.0108804999915940e+01
-7.4515214094078952e-01
1.8227500591807286e+00
-2.2942085517490995e+01
4.1357824542297646e-02
-1.8345171419913617e+00
-2.1974103104304394e+01
1.9175964620152153e+00
1.4422963403484603e+00
-2.1930600138881911e+01
1.9150951238838982e+00
1.4401558576058184e+00
-2.1929038795149697e+01
1.3589454771584496e+01
3.4360425955712302e+00
-3.2685684218361921e+01
1.3580140368245466e+01
3.4283803651732785e+00
-3.2658213049520633e+01
-1.3092323726308885e+01
1.2532353797550822e+01
-3.7811539359983342e+01
-8.4458287017447837e+00
1.4434370146583026e+01
-3.9718611921122900e+01
1.7846794071678098e+00
-2.0033652292848005e+00
-2.1682396616477838e+01
-7.7011577257215809e+00
1.3319475638950275e+01
-4.1191602029895627e+01
-4.8682038465919799e+00
1.2364905410492467e+01
-4.4285486367839098e+01
9.8312294205978112e-01
1.9105999198490370e+01
-4.3322276912362582e+01
-6.6202369058542265e+00
1.6011077124587409e+01
-3.9743826105048285e+01
5.8561030234162770e-01
1.8662252437161108e+01
-4.3542850778796065e+01
-7.0722623736824710e+00
1.3568514866292864e+01
-4.1527793886415168e+01
3.0210879664585377e+00
-1.1186133442584356e-01
-2.1990929595031140e+01
3.6845655477804162e+00
-2.6008854861584600e+00
-2.1800546224452763e+01
6.8865008519054915e-01
-4.6442434318207765e-01
-2.1961239454692517e+01
8.5328998618392915e-01
2.1314395964331098e-01
-2.1851476462871712e+01
-3.3638289338671128e+00
2.9918238243632556e+00
-2.7685412569184148e+01
5.7717752288617952e+00
-2.9577182316039968e-01
-2.3655669457421556e+01
1.4921533858479512e+01
4.4570576988517452e-01
-3.1303127768658438e+01
1.8583451611563500e+00
-3.4868218454299633e+00
-2.1651715333494963e+01
1.2955097460762239e+01
4.8447220970374483e+00
-3.3045294185083883e+01
1.6517411618029554e+00
1.2602851596165701e-01
-2.1766869019616554e+01
2.5652583634060950e+00
-1.0147194921598348e+00
-2.2110121356229364e+01
6.5513970476499261e-01
-3.9316437438299873e-01
-2.1979764262817657e+01
2.2619367866831115e+00
4.0265091380010727e-02
-2.1778071170425438e+01
-1.1574577697474639e-01
-9.3175411949788182e-03
-2.2230928277456137e+01
1.5102317281723643e+01
-9.5481171434673207e-01
-3.1737123867252453e+01
2.5924741585692712e+00
2.5101163409937366e-01
-2.1942293932328376e+01
-8.1638306083679204e+00
3.0245755946356203e+00
-3.5633940477039829e+01
-8.6636019210353030e+00
2.9596240817981494e+00
-3.5600549956515493e+01
-8.7210465469411087e+00
2.9699135013428704e+00
-3.5770560619694919e+01
-7.7630718346558512e+00
1.3871842585584838e+01
-4.0821043770681207e+01
-7.5285072626194998e+00
8.7996131854554616e+00
-4.1957685452880256e+01
-7.1845885966244305e+00
7.5611471999321358e+00
-4.0686993419466454e+01
-1.0897200725963090e+01
3.0031170558990832e+00
-3.5603709253141155e+01
-1.1069644071106998e+01
7.9569850728186395e+00
-4.1049810091603014e+01
-9.2316119971167936e+00
1.3141866632508542e+01
-4.0267034557572252e+01
-8.2550335710566074e+00
3.1637540906395589e+00
-3.5810592853741717e+01
-1.3859555483049080e+01
1.0764980221065237e+01
-4.0111969206046481e+01
-1.5165007144910312e+01
1.2036784689763207e+01
-3.6501656258306809e+01
-7.0624873002994848e+00
1.4144953511281630e+01
-4.1091036423589848e+01
-1.5248497152029568e+01
1.1079856591758110e+01
-3.7624657908303320e+01
-7.4975837243596102e+00
1.4410979995528992e+01
-4.0638700100780262e+01
-7.3440575781693536e+00
1.3348009943032739e+01
-4.1561715962637493e+01
-7.1217484369677102e+00
1.4081108208140368e+01
-4.1196530009410480e+01
-8.3669896525982068e+00
1.4038726112648847e+01
-4.0105635619349918e+01
-1.4871649664886306e+00
-3.1241244089065245e-01
-2.2958853153900513e+01
-1.0230253727809822e+01
1.1572526627205370e+01
-4.0811775346731928e+01
-1.2558740928145516e+01
1.2868763735512784e+01
-3.7873516488418318e+01
-1.0034448754848292e+01
1.1118736174245699e+01
-4.1439729712258362e+01
-7.0640411741921589e+00
1.4145289480917922e+01
-4.1104530725733639e+01
-2.4395480948165216e+00
-8.5115423764617013e+00
-2.2558673681299499e+01
-5.2687496139997991e+00
-7.1032436531169862e+00
-2.4165779876257567e+01
-3.1908094875112796e+00
-8.3627500763468063e+00
-2.2782066011815928e+01
-3.9784671815869896e+00
-8.1132244880833682e+00
-2.3075984358029846e+01
-3.3757859706035909e+00
-8.3110806996077979e+00
-2.2912685630045001e+01
7.4930020327812452e-01
3.4709419627642990e-01
-2.1881933012212240e+01
-3.2268508000625062e+00
-7.9816000953114123e+00
-2.3224389095560792e+01
-3.5444604322595668e+00
-7.8846693463078781e+00
-2.3264093196658486e+01
-3.6526100165132980e+00
-8.2721588297601052e+00
-2.2989139302665325e+01
-2.5036223403152742e+00
-3.4333060152506385e+00
-2.4257540800707197e+01
1.0727861607581255e+00
2.1896230782003605e+00
-2.2313342763324375e+01
-4.2278824974228740e-01
-3.7406115631649945e+00
-2.2636523448802148e+01
-9.8843957122564348e+00
1.2678957886677011e+01
-4.0132138941273816e+01
-1.0734771322220460e+01
1.1358452015373565e+01
-4.0090500052895408e+01
-1.1035602562379255e+01
1.1171998031289940e+01
-4.0806184351901166e+01
-2.1862612611016196e+01
2.7673506033102981e+00
-3.5224615309294450e+01
-9.1096173131951605e+00
1.5181659472777978e+01
-3.8465019097624825e+01
-1.2956792251082369e+01
1.0689236393742215e+01
-3.9944054833029838e+01
-6.6290348676974258e+00
1.4775655984052694e+01
-4.0944800839664623e+01
-7.7321642123887218e+00
1.4246750314105206e+01
-4.0513857819395568e+01
-8.3435512375521448e+00
1.3180483941747280e+01
-4.0805024489455043e+01
-8.2090173254458438e+00
1.4083621321049050e+01
-4.1402555030111927e+01
-9.1660837179281653e+00
1.2652330342501429e+01
-4.0655110990683418e+01
-1.5867012872416375e+01
8.1055263134976432e+00
-4.0869347742351117e+01
-7.8334643753451729e+00
1.4325979903219954e+01
-4.0311131164490085e+01
-1.3113241892409595e+01
9.3146904220523883e+00
-4.1322063554082789e+01
-1.0183035286755254e+01
1.1706787823104358e+01
-4.0791325076779763e+01
-1.1896496668023087e+01
1.3053154575299832e+01
-3.8134649494315738e+01
-1.6388381743547797e+01
1.2230974122836168e+01
-3.5505523575538845e+01
-9.6725570986863403e+00
1.1408611501524579e+01
-4.1064641957748215e+01
2.6392357588628118e-01
-3.3537022253429394e-01
-2.2087251366112426e+01
-1.6113932013215933e+01
1.1039478509391390e+01
-3.9362660025979601e+01
-6.9038482724125938e+00
1.3364601574251486e+01
-4.1144494259539236e+01
-1.2163568766597072e+01
1.1842139361219958e+01
-3.8692332754872261e+01
-8.2279116199102535e+00
1.3841264333989699e+01
-4.0408375798395681e+01
1.4793485405024581e+01
9.2892515727462738e-02
-3.1938589301484757e+01
-9.9377491438539387e+00
6.9381950201048088e+00
-3.9988844970592005e+01
-1.2375560431030467e+01
1.4220270542984094e+01
-3.6708437759397327e+01
-1.2422611426600868e+01
1.4054770439491596e+01
-3.6907523599522712e+01
-1.1900025764816295e+01
1.3059912368322440e+01
-3.8134554537745245e+01
-1.1639387153959127e+01
1.1239329970759492e+01
-4.0271083890791431e+01
-9.4954143048680333e+00
1.3739324913846364e+01
-3.9472000341223797e+01
-9.9399668524945763e+00
1.4931911670447642e+01
-3.8030629310937883e+01
-8.3138760648139147e+00
3.9741909751299422e+00
-3.6475455991291440e+01
-9.6591090436748530e+00
7.7239977261683324e+00
-4.0738908760334603e+01
-1.4391256110581169e+01
5.6043569400835000e+00
-3.9100126252109071e+01
-1.2996814768342825e+01
5.4724841332963026e+00
-3.8233290971175393e+01
-1.4057365669078919e+01
4.7577311975834036e+00
-3.7406524161790415e+01
-1.1891440047160438e+01
1.0192832152995827e+01
-4.0945734296442190e+01
-1.3571981241055155e+01
5.0377920229818391e+00
-3.7851564091234700e+01
-1.3101339519974252e+01
5.6614925283481945e+00
-3.8685748908948000e+01
-9.2212730653817196e+00
7.0058564322244310e+00
-3.9995623590663456e+01
-1.2848770194272937e+01
5.1092658281101180e+00
-3.7803009840561202e+01
-1.2020578904692821e+01
1.0590447700474835e+01
-4.0468811932059680e+01
-9.6524621753589859e+00
1.3724462946872990e+01
-3.9416683030894433e+01
-1.4175121879516507e+01
7.1424135243992870e+00
-4.0070924449703710e+01
-1.0416952831995971e+01
1.3541569529908546e+01
-3.8863251396655414e+01
-9.7304475532717998e+00
1.1938917521876668e+01
-4.0993523451577460e+01
-9.4966323023428103e+00
1.3738470942434253e+01
-3.9493250280317518e+01
-1.2324919589991055e+01
9.9496823573956554e+00
-4.0879613612103874e+01
4.8360380952346267e+00
1.0731420246618193e+00
-2.3084822872257593e+01
4.6801380054189181e+00
9.3316022123807907e-01
-2.2911184569833658e+01
5.2216671910059684e+00
1.1219923366752099e-01
-2.3404319685681351e+01
3.7396761383444221e-01
-2.7762843586319637e+00
-2.1328491517364661e+01
7.3448801881945878e+00
1.3281696262650822e+01
-4.7829283478018340e+01
1.4188204359625194e+01
2.7470639710065212e+00
-3.1558147558630495e+01
-8.6676923057932209e-01
1.9912534951176959e+00
-2.3104760687769993e+01
-1.1158963717517090e+00
2.0196183462975204e+00
-2.3370942965247387e+01
3.2292990997829545e+00
9.9604644292017253e-01
-2.2093229132150046e+01
3.4127467738085158e+00
5.8307231997619080e-01
-2.2131546015852990e+01
1.4832736966758622e+00
2.1390301600320880e+00
-2.2201569369256063e+01
4.9696944069861964e+00
-1.1442826764262986e+00
-2.2679139300276102e+01
2.8727879874809554e+00
1.5771884911265088e+01
-4.8026336085792963e+01
-5.6874287590941499e+00
1.3394593017732873e+01
-4.2609590542830524e+01
-8.0774187225279608e+00
1.3312241289428485e+01
-4.1445079230397283e+01
-1.2944238760142817e+01
5.2006569706334131e+00
-3.7860757128007982e+01
-8.6135215538982415e+00
6.5463221447599622e+00
-3.9438564324580661e+01
6.0472540037709566e+00
1.2968058978912914e+01
-4.7318650983627599e+01
9.1153119120265007e+00
1.2664594279867250e+01
-4.7372866327724786e+01
9.1153119120265007e+00
1.2664594279867250e+01
-4.7372866327724786e+01
6.5708655250090144e+00
1.3374755019584796e+01
-4.7861908046501441e+01
3.3281151960674680e+00
1.6308475907588978e+01
-4.7637057253196403e+01
9.1756847329411269e+00
1.8927683772342011e+01
-5.0206387729255120e+01
3.0312625157785504e+00
1.5113428728988914e+01
-4.8424818961337891e+01
4.2209342117630397e+00
1.7042664354454335e+01
-4.7694230464669637e+01
1.6559500229584270e-01
1.5271777218882960e+01
-4.5927461070845887e+01
-6.8417997012363641e+00
1.5736604554573535e+01
-3.9731672200358673e+01
-5.4362515447605766e+00
1.5216789250446061e+01
-4.1464131100669206e+01
-6.6262947027650902e+00
1.3698436570610594e+01
-4.1767948859766264e+01
-2.7844901799076398e+00
1.6561803373027491e+01
-4.2394470438023220e+01
-4.5897497325715300e+00
1.4329510237693903e+01
-4.3030123717398304e+01
2.2874920983701359e+00
1.9649356575011549e+01
-4.4087536159624882e+01
1.1465237350187620e+00
1.9750218127892460e+01
-4.2965014711644478e+01
3.6405644342024579e+00
1.5701888220617182e+01
-4.8311368995555213e+01
2.5620370955623102e+00
1.6040492785511415e+01
-4.6562509901994993e+01
-1.0538829336382140e+01
1.2287472084852670e+01
-3.9931489596062050e+01
-1.1200148067559336e+01
1.0637469305201714e+01
-4.1319116474268689e+01
-1.9679013126292180e+00
9.2904243584971162e+00
-4.2752714498650242e+01
-3.3410931269022663e+00
-7.0916221413406455e-01
-2.3348286890229282e+01
-3.0833318859135992e+00
-8.1722093541932728e-01
-2.3270490705812126e+01
-3.1674607554560130e+00
-8.0872187867508352e+00
-2.3096873622211451e+01
7.5784885533378463e-02
-1.8545681344829368e-01
-2.2134269772731145e+01
9.2254256297335058e-01
1.5407829683167853e+00
-2.2039412383835785e+01
4.6632296073754720e+00
-2.3226866479935158e+00
-2.2208680126128950e+01
-6.4557130517292753e+00
1.4237693106083880e+01
-4.1492070448977977e+01
-5.4584861823746333e-01
1.6466501018761544e+01
-4.4267039584905497e+01
8.5944110310312531e+00
1.9472928621044360e+01
-4.7839048006116457e+01
3.4119150221163497e+00
2.5266382095683957e+00
-2.2868378775744159e+01
2.1132081594844290e+00
-3.5473541465305316e-03
-2.1797573535789940e+01
3.2991991681308850e+00
-5.8130977802013400e-02
-2.2069207327053057e+01
2.6581290426820678e+00
-2.1012734407022404e+00
-2.1866573279843472e+01
4.5269667209240119e+00
-3.2923647341467372e+00
-2.2447439277879713e+01
4.5269667209240119e+00
-3.2923647341467372e+00
-2.2447439277879713e+01
3.3372914957345130e+00
2.3523473840088127e+00
-2.2730852902820303e+01
1.8660325076554931e+00
-5.4656808784533835e-03
-2.1763332598658476e+01
7.9326177357278527e-01
-1.0113827360078687e-01
-2.1872089250222739e+01
1.7458210693161427e+00
-4.0774196141574587e-01
-2.1814703401716880e+01
2.7245553322524438e+00
-7.5474287143324792e-01
-2.2063706657731768e+01
2.4193869852469572e+00
-9.8563496775194626e-01
-2.2089206212177089e+01
-6.4900225727698857e-01
-2.7340044995103270e+00
-2.1645490947868012e+01
1.6701081488557350e+00
-3.7477833977458679e+00
-2.1919523725664124e+01
5.9318141931066943e+00
-5.4440890877020767e+00
-2.4049681738745349e+01
9.7888371073802893e-01
-2.9147987647344689e+00
-2.1173430731185782e+01
1.3677564640038776e+01
2.0504737436374029e+01
-5.2765329541442632e+01
4.3928746565814789e+00
1.7147670191371059e+01
-4.6442496854312907e+01
-4.5274831149392497e-01
-3.7718569688393191e+00
-2.2570947032945718e+01
-1.2121716726834149e+01
1.0577298630343922e+01
-4.0242572736908144e+01
4.3258107193428352e-01
-8.7519404009763369e-01
-2.2158580769092573e+01
2.0051242371842506e-01
3.6895825442952529e-01
-2.2062341483798470e+01
2.2360845524411319e+00
-3.9309108971044632e-01
-2.1889030402565524e+01
-9.7311441751660119e+00
3.3090158891628261e+00
-3.6126096073983568e+01
-1.2219364651587462e+01
1.0449059099303694e+01
-4.0318971018464929e+01
-1.1899057322727350e+01
1.0625349027606589e+01
-4.0718964533461175e+01
-1.2228560873970718e+01
1.1020860543635946e+01
-3.9701165803030918e+01
-1.1681734364343972e+01
1.0348043050720182e+01
-4.0917670245097810e+01
-1.1733255548685447e+01
1.0674756019559270e+01
-4.0643321622880478e+01
-1.0112401917073365e+01
1.4021827586542583e+01
-3.9111835643527591e+01
-1.4826789100040216e+01
1.3022750714060903e+01
-3.6068771730473614e+01
-8.1429491834902379e+00
1.4167388123035543e+01
-4.2988968936839349e+01
-5.6952792675031771e+00
1.3382712207743815e+01
-4.2625683925932471e+01
5.9922147191682038e+00
1.5684425267769097e+01
-4.9857288971117505e+01
6.8985866821586255e+00
1.6202959354090400e+01
-5.0580983729067292e+01
1.3372190138485273e+01
1.2341302296341455e+01
-3.7118458372570949e+01
8.5809859301097759e+00
1.7793541958230470e+01
-5.0666511473620439e+01
1.2040807339581324e+01
1.8832320097483287e+01
-5.2747500427000233e+01
2.0413103328614399e+00
-1.0788843043292426e+00
-2.2051589518582862e+01
3.8026630166116209e+00
-5.2180679103107341e-01
-2.2334975005260006e+01
2.0255850479867061e+00
2.0433222740058556e+00
-2.2169969829553800e+01
2.2153809282378734e+00
-1.0977915598028132e+00
-2.2079413272584066e+01
8.3977737160830146e-01
-2.8356098580427158e+00
-2.1262521328041494e+01
1.3814137336983974e+01
2.9490943213336851e+00
-3.2442744060642255e+01
3.4707293521768632e+00
-6.6602792426521606e-01
-2.2240764680166961e+01
5.4718748804380972e+00
-2.2960195206801606e+00
-2.2335049566687388e+01
4.5466762793690449e+00
-2.3231183283189702e+00
-2.2198375448262045e+01
-1.1012227213330733e-01
-3.4482713905631583e+00
-2.2116256043427668e+01
1.3975511256862296e+00
1.4188961273867053e+00
-2.1933262595492451e+01
1.4380304017763228e+01
2.4745638519304363e+00
-3.1315802832733155e+01
9.7470986572852625e-01
-1.9552339265491727e+00
-2.1737418100891418e+01
3.3738377180334354e+00
-7.3939108761791372e-01
-2.2226349859266499e+01
2.4493636372344101e+00
1.8293670606612913e+01
-4.5217296108536807e+01
2.2321015774093769e+00
-8.6806853746710844e-01
-2.1986815963334990e+01
3.1657512497926894e+00
-1.0288826894328171e+00
-2.2276827539313782e+01
1.3768702382135578e+01
3.6349200696456325e+00
-3.2070199283238352e+01
1.5162302819153830e+01
-4.1837408515520114e-01
-3.1434572968953042e+01
2.1735560516404444e+00
-1.0534574491872812e+00
-2.2058004398139548e+01
1.7195929351121493e+00
-7.6879839030675912e-01
-2.1931669565488889e+01
1.5392697583486893e+01
-1.7058737085811333e+00
-3.1659578026037579e+01
1.3896833682171291e+01
4.0438918238328547e+00
-3.1323929772974957e+01
3.4739583252126400e+00
9.3262254346737150e-01
-2.2180912892404809e+01
4.7181533228663355e+00
-4.1001200645556066e+00
-2.3422273727944241e+01
2.7333177918841578e+00
-6.9536004024517040e-01
-2.2020230075047781e+01
1.1299833426316123e+01
2.1385075790747884e+01
-5.0198397951934410e+01
1.3893420194712794e+01
4.0461741992560398e+00
-3.1323809350197617e+01
8.0249484295705500e+00
1.7583994873084205e+01
-5.0380058695374508e+01
2.8088352215881285e+00
-3.2105491550479783e+00
-2.1467388383507753e+01
6.6265513911724581e+00
1.6877171097781627e+01
-4.9958589904336726e+01
1.2747014249202728e+01
1.9319634756995388e+01
-5.2945352299687059e+01
1.2781036010693537e+01
2.0958094803051907e+01
-5.1643961982601461e+01
1.2882868612305916e+01
2.0140926666346200e+01
-5.2439470639353814e+01
1.5331534781567335e+01
-1.5040584503078442e+00
-3.1791254765323131e+01
2.6390428298608328e+00
-2.0504333801875303e+00
-2.1829683914982958e+01
2.3716811351600380e+00
-3.4373377033733343e-01
-2.1849097364238588e+01
1.3084944133950481e+01
2.1468398248912713e+01
-5.0991884188764693e+01
1.2047814417125917e+01
2.1739932617702003e+01
-5.0338867733657025e+01
1.2812975407368382e+01
2.0305519362173129e+01
-5.2083769747299662e+01
1.5788420956891778e+00
-1.9304441827475971e+00
-2.1649306075332145e+01
2.8510609154113178e+00
-5.2434488648832278e-01
-2.1990769497419382e+01
1.3190791586844334e+01
1.0717899723834508e+01
-3.8616248043050788e+01
1.3048043948257300e+01
5.5487790048219372e+00
-3.2547039275573717e+01
1.0311544468204135e+00
-1.0536012226641880e+00
-2.2056511506157960e+01
4.1430238809227351e+00
-2.5450792922333378e+00
-2.1863145904971571e+01
3.0883356125788297e+00
-2.8263370559309486e-01
-2.2011301166113213e+01
1.3360905602175757e+01
1.2445329593408664e+01
-3.7191686460714330e+01
1.5271723984030535e+01
-1.1428734414920920e+00
-3.1663765053779791e+01
1.3265407289267230e+01
1.0539151938429237e+01
-3.8471192535752579e+01
1.2685517250734237e+00
-6.1038901600559026e-01
-2.1903324825689211e+01
5.8508299468934322e-01
-1.8502494690163476e+00
-2.1774583039372004e+01
3.2512198814871627e+00
-9.7852604688075384e-01
-2.2278443132699532e+01
1.0305142700087060e+00
-1.0540071502289285e+00
-2.2058001445298956e+01
1.2172898484591446e+01
2.1486744645467510e+01
-5.0654439043924519e+01
1.3236378567920806e+01
5.8427700982151380e+00
-3.1648115627626936e+01
3.3207069058185765e+00
-5.1674053376322260e-01
-2.2145990166923724e+01
1.3309111761987367e+01
1.0447715921255448e+01
-3.8520158569802007e+01
3.8238351649646640e+00
-2.6297176818143666e+00
-2.1753266588909316e+01
7.8529378645726986e+00
1.7126872989255098e+01
-5.0723471815341149e+01
1.3972129526809265e+01
3.2818622456606930e+00
-3.1738519850654605e+01
6.4412488100596725e+00
1.7190852092209511e+01
-3.8820322046138308e+01
-2.2910855155339265e+00
3.1738402712014229e+00
-2.6914223423075459e+01
-4.0906026953710894e-01
-2.4114606009427435e+00
-2.1684459313809491e+01
-1.8646750738529920e+00
-1.7058907048933818e+00
-2.2343285201846850e+01
2.9283259772859718e+00
-4.0255266038795021e+00
-2.2290683246728989e+01
1.3135791107465145e+01
6.8621357011996693e+00
-3.1491552524196553e+01
-2.5086203783718855e+00
1.0035869992891948e+00
-2.4376231121851980e+01
-2.0305790450768751e-01
-1.0594330151312736e+00
-2.2177905778119527e+01
1.0086660437883446e+00
-2.0502730830676552e+00
-2.1772873824119994e+01
-8.4056379122907943e-01
-2.4407824344773088e+00
-2.1544943667227450e+01
2.6975605307047230e+00
-5.0781870131266214e+00
-2.3301147079592301e+01
