-1.1643763605085283e+01
1.2355991438146058e+01
-3.8323764770551037e+01
7.0517484901123657e+00
5.9843012160932085e-01
-2.5407758577266286e+01
1.3613837861590874e+01
4.1443537441684732e+00
-3.1168103496252531e+01
1.3664870577739336e+01
3.8944973037017849e+00
-3.1267472381279536e+01
1.2102860683740603e+01
2.1303891386700606e+01
-4.8729166243443764e+01
-1.9293118100443082e-01
2.6644818065356755e+00
-2.3328623339009617e+01
6.3010983096431410e+00
1.2696241308020328e+01
-4.6421324756416574e+01
5.0331134148590868e-02
2.0378466989368573e+00
-2.2830523378656007e+01
-9.5477262546858266e-01
2.7311341704988785e+00
-2.3889375787736565e+01
-9.0382338463682768e+00
1.3755143469455799e+01
-3.9570404659624486e+01
6.7024168356929064e+00
1.8014359387075729e+01
-4.7809752270302887e+01
-9.8337860011454907e+00
1.2473076515131119e+01
-4.0114578859245142e+01
-4.5707239588680295e+00
-8.0652765861996691e+00
-2.3572781353441911e+01
-9.7663138688049411e+00
1.3113963945045853e+01
-3.9439933642691820e+01
-1.4061500294000309e+01
7.9144311203690156e+00
-4.0363256739811725e+01
-1.2377979753645052e+01
1.0453108871514070e+01
-4.0043203249729878e+01
-1.1648413990742398e+01
1.1003417276380405e+01
-4.0085980576636388e+01
-1.5510680702407226e+01
1.3083264524229818e+01
-3.5340997693487225e+01
-1.2695417170287815e+01
1.3201420776449284e+01
-3.7020780240957258e+01
-1.4984005624175460e+01
1.0758245821975230e+01
-3.7831279338800059e+01
-1.6031063665810027e+01
9.5366883634368644e+00
-3.8125645395635871e+01
-1.5873250692600880e+01
9.3087821664247574e+00
-3.8464606675757373e+01
-1.3943084037379791e+01
1.2636564805700683e+01
-3.6843607589355571e+01
-1.2827349003403709e+01
1.2748073939397775e+01
-3.7539683529978596e+01
-1.5050967215523835e+01
1.1648248699092164e+01
-3.6956855151219692e+01
-1.2632909246566625e+01
1.3151200198346597e+01
-3.7318789410299352e+01
-1.4630199474154338e+01
1.2381003271530963e+01
-3.6577275854894182e+01
-1.3305305631889984e+01
1.1502858851761788e+01
-3.7750112542160991e+01
-1.1646967869757892e+01
1.1202792097549136e+01
-3.9924259997023512e+01
4.7322036607054265e+00
-3.4202832257188498e+00
-2.2811532585990896e+01
-7.3372334191578643e+00
1.4741898765952010e+01
-3.9991457218605724e+01
-1.3682054628756433e+01
1.1278889074042063e+01
-3.8160338899110066e+01
-1.1545743771819552e+01
1.1678261480140495e+01
-3.9535565082079572e+01
-1.1148442066542684e+01
1.3316816722464067e+01
-3.8299181591753538e+01
-1.2714041004683102e+01
1.3037623821350367e+01
-3.7252853536801716e+01
-1.0090484434588310e+01
1.2988592104801922e+01
-3.9397541197758073e+01
-1.0039141426638086e+01
1.3121712745617174e+01
-3.9356220567397450e+01
-1.4148540838786815e+01
1.0110926282799415e+01
-4.0161257700507925e+01
-1.5102603317713410e+01
1.2999059341319128e+01
-3.5518657748839466e+01
-1.0566547918401819e+01
1.4919135744597318e+01
-3.7234420669331293e+01
-3.7795670509592982e+00
1.6704408096956772e+01
-4.0866523755624719e+01
-4.1951583355180966e-01
1.8323519227755252e+01
-4.1901503208175242e+01
4.4309078055449067e+00
1.9760121571370728e+01
-4.4457136215156837e+01
-4.0683520897045602e+00
1.7141225581356753e+01
-4.0301584033603156e+01
-6.4752037400702305e+00
1.6280674969173511e+01
-3.9179284857216565e+01
1.7949121553343610e+00
1.9332626610089569e+01
-4.2791746836012919e+01
2.5840404928574783e+00
2.6460643976285442e-01
-2.2066274796064903e+01
1.1748301542263555e+00
2.4695970765368300e+00
-2.2486749136386067e+01
-2.3642334827576712e+00
3.1517990542155645e+00
-2.7022217078370254e+01
1.2788235491209395e+01
6.1233263536324980e+00
-3.1754780441424977e+01
5.1707496023325916e-02
3.5346923769512464e+00
-2.3864072636900200e+01
3.1961183074320738e+00
2.4087368636841182e+00
-2.2880476383244048e+01
1.9440920498158334e+00
2.1834923467983542e+00
-2.2481630642570938e+01
1.2074266211659206e+00
2.2086410789310489e+00
-2.2534157336149029e+01
6.8528244481987359e+00
1.7894592702668078e+01
-4.7919511803071025e+01
-1.6498713486513418e-02
3.2215387600285652e+00
-2.3644846971041584e+01
5.5707301364483097e-01
1.8964295010973500e+00
-2.2550819779374063e+01
6.8525871780257752e+00
1.7894570401024861e+01
-4.7919122565502910e+01
1.3041491601574299e+01
1.0895921533486860e+01
-3.6930330591669829e+01
6.8222383433931846e+00
1.6813800046316082e+01
-4.8930773454657654e+01
-1.2154953151142018e+00
1.0348624653550005e+00
-2.3419944811597475e+01
4.2580979276430581e-01
1.5455180314987766e+01
-4.5229253345293074e+01
1.2580013331301155e+01
6.0112554250582750e+00
-3.2267567544906093e+01
3.0228908339473337e-01
-1.8000052743848640e+00
-2.2223021672040431e+01
-2.3466154911757537e+00
-3.1777426519929399e+00
-2.4004812150034052e+01
2.4964454730984116e+00
-3.2456851068160182e+00
-2.1720661402014354e+01
2.0539873050206925e+00
2.0548269849724901e+00
-2.2391858179644466e+01
6.8184553230807532e-01
-5.4785742923508707e-01
-2.2358639556814861e+01
7.9521317681854664e-01
-1.2524454375043153e+00
-2.2406221700944922e+01
1.3278274395123063e+01
5.6007806278694234e+00
-3.0948567921419379e+01
1.6474295764883951e+00
-6.5057966416997093e-01
-2.2222773664018700e+01
1.5064970199558585e+01
-4.9906035730965809e-01
-3.1201999777749279e+01
2.1408286603140719e-01
-8.1779548764717169e-01
-2.2601801296878492e+01
3.5272940649502531e+00
3.9881801237411345e+00
-2.4846156756376345e+01
6.3415398866858856e+00
1.1727593595722926e+01
-4.4903843076653423e+01
2.4015661980245131e+00
-1.0188313502809654e+00
-2.2371991212694066e+01
2.2417879283644498e-01
-6.8684519064611405e-01
-2.2551242381326702e+01
1.7826116653290505e-01
-9.9321820984464759e-01
-2.2662409781137171e+01
7.7812614002477600e+00
1.9411947353440034e+01
-4.7340329600422194e+01
1.1274699414044946e+01
1.9919648530057334e+01
-4.9200066908343686e+01
1.3550446408732306e+01
4.6094886212227726e+00
-3.0922708019041572e+01
1.9251896373424684e+00
-9.7892625168672454e-01
-2.2328691953630976e+01
3.5421110975759817e+00
1.5927592171407438e+01
-4.7270418766301020e+01
2.8038827444834777e+00
1.1455338980704584e+00
-2.2249333675449797e+01
1.2865150810865160e+00
8.5280975025291195e-02
-2.2135537240798470e+01
1.2795618548799004e+00
-1.5257402561028835e-01
-2.2130534846349892e+01
2.7041442770478428e+00
-5.6917629522062529e-01
-2.2276721041801515e+01
-4.2457359356276481e-01
8.3376739030293273e-02
-2.2782452566776186e+01
-7.7633289001411132e-01
6.3683381562243457e-02
-2.2993516079565669e+01
2.5511460360675242e+00
1.4673527627323951e+01
-4.7683269337173890e+01
1.2754067252342731e+01
6.8011409039825166e+00
-3.1278319404288737e+01
-1.5846760839929431e+01
1.1977755331110757e+01
-3.5921471121549914e+01
-5.7881348997490996e+00
-7.7416838855241830e+00
-2.3895489781085509e+01
-1.4458424095603512e+01
1.1902064022263509e+01
-3.7065511365595533e+01
-1.5725034399482233e+01
1.1189914803865994e+01
-3.6748150286913955e+01
-1.0510895371025697e+01
1.4554068600579242e+01
-3.7646959470916784e+01
-1.1254979848329240e+01
1.4050485858761048e+01
-3.7480290469041158e+01
-1.0792671007443181e+01
1.2901551758619926e+01
-3.8986766828858300e+01
-1.4435117197556766e+01
1.2491140736403011e+01
-3.6640687732182286e+01
-1.5273963253566356e+01
1.2866825745485009e+01
-3.5497540604315915e+01
-1.2762462687036182e+01
1.2564786019657435e+01
-3.7781265093476513e+01
-1.2423434413285952e+01
1.4301790469364008e+01
-3.6392072862831519e+01
-1.3251751465457847e+01
1.2364042786414815e+01
-3.7650666859422188e+01
-1.4469458762927092e+01
1.3318697039541673e+01
-3.5645695824061974e+01
-1.2352531349177113e+01
1.3945677753494666e+01
-3.6764456108481752e+01
-1.3183452936725134e+01
1.2534443361878795e+01
-3.7401437268314858e+01
-1.3988000256665380e+01
1.1916334592433174e+01
-3.6628487216258058e+01
-1.5183913492759649e+01
1.3154015246396497e+01
-3.5447986467139451e+01
-3.1585746513389585e+00
3.3446904274513565e+00
-2.8193943165260691e+01
-1.2551635951947809e+01
1.3283040093791424e+01
-3.7191877065974772e+01
-9.7805012974080174e+00
1.3466569912721102e+01
-3.9153473323908166e+01
2.0284985938656322e-01
-3.0615702107066056e+00
-2.1897233089550408e+01
-5.1115950037450109e-01
-2.9299904888828241e+00
-2.2147442325639506e+01
2.7506550855828699e-01
-3.0646219667735912e+00
-2.1856392405760666e+01
-1.6306432400859310e-02
2.9275652327318538e+00
-2.3413178649319839e+01
-1.5952384082729567e+00
2.2285461519025662e+00
-2.4227753592827909e+01
1.5354883961650581e+00
1.7766280141145309e+01
-4.4011973128085721e+01
1.8225311968210653e+00
1.1380465665614099e+00
-2.2122324128713167e+01
-1.6325084404113535e+00
1.6619467143316950e+01
-4.2658983040499116e+01
1.2792459630116594e+01
6.9458153374185487e+00
-3.1173164642828912e+01
-4.5833768706615458e-01
1.6905359289552212e+01
-4.3288067312020566e+01
-1.7716295563413367e+00
1.6631971193590530e+01
-4.2439242116334398e+01
1.6057852108888546e+00
9.0471204954851370e-01
-2.2078628325724765e+01
1.3094528908237089e+01
4.7312259831979944e+00
-3.1860169791454688e+01
-1.3282081519888522e+00
1.7029477273055534e+01
-4.2444253687417131e+01
3.8274522716536712e+00
1.6583345649616476e+01
-4.6815712057750545e+01
1.0492999078227045e+01
2.1418868541450308e+01
-4.7467805529601357e+01
-3.9236898090413672e+00
1.6365255072053454e+01
-4.0982325593394172e+01
1.6948890354343187e+00
2.9546587999677099e-01
-2.2072617144406021e+01
2.4207349180435229e+00
1.1589789094828213e+00
-2.2150385101620483e+01
1.3021264269437896e+01
1.1222314707603324e+01
-3.6768049493416953e+01
1.0469945307092026e+01
2.0575216872292870e+01
-4.8180141179924732e+01
2.0765620990675431e+00
2.3162138436422763e+00
-2.2584911744919971e+01
5.7223952635144419e+00
2.0442564372974001e+01
-4.4666768766067243e+01
1.2457613707331703e+00
1.9398005868770728e+01
-4.2311304398706646e+01
1.3040596210148207e+01
1.2473849777139854e+01
-3.5991491182908995e+01
2.4789281618940713e+00
1.7970026689680048e+00
-2.2316221966306554e+01
1.3638648732076270e+01
1.0608068547036311e+01
-3.5689224552281509e+01
-6.3631129426375099e-01
7.1828916360639794e-01
-2.2915157373806558e+01
1.3554792441815778e+01
3.8141991454162709e+00
-3.1614249721654403e+01
1.3323573577068013e+01
2.0249182986440331e+01
-5.0575639745325333e+01
-2.1085932703039174e+00
1.5204409947492694e+01
-4.2001184899033746e+01
-1.2320569062779063e+00
3.2208299095256483e+00
-2.4571327170771472e+01
6.8828833726324623e+00
1.8428631806708697e+01
-4.7287842150505206e+01
6.1801703165516715e+00
2.0442980531869896e+01
-4.5058231514607712e+01
-4.9952182714409776e-01
5.3396411266694555e-01
-2.2771427546679519e+01
1.1211571745758750e-01
9.1887225137116990e-01
-2.2493265418922704e+01
1.0315692720799134e+00
3.4069418997957024e-01
-2.2163576522968707e+01
3.0445477619174316e-01
1.1487640521101132e+00
-2.2446519088983930e+01
6.7881417011447347e+00
1.9219459927989675e+01
-4.6724330630360434e+01
8.4230424179897667e-01
1.7147561952619050e+01
-4.4054118079598176e+01
1.1041929493565187e+01
2.1178728847813687e+01
-4.8056752533846705e+01
3.7989720435369563e+00
1.8544981727898534e+01
-4.4820520444637552e+01
8.3709510897848887e+00
2.0841199289891158e+01
-4.6486463255171650e+01
1.0483072588210547e+01
2.0829262440736962e+01
-4.8020601035427077e+01
3.0386657470930962e+00
1.2465457554830572e+00
-2.2293819476513544e+01
2.2118641896722977e+00
1.1046447613679367e+00
-2.2108907268394695e+01
1.0265373180983275e+01
2.0500646475920604e+01
-4.8122094051282772e+01
1.4102307558964807e+01
2.2192501206639253e+01
-4.9473857088591927e+01
2.9966626513418054e-01
1.0049624339296477e+00
-2.2423920244592846e+01
1.8981923919969281e+00
1.2549704074877470e+00
-2.2141363715966357e+01
1.5349458075100337e+01
2.2628847064609307e+01
-4.9883680123700081e+01
1.3057577834996188e+01
1.1419243938652427e+01
-3.6688220322612260e+01
7.9553227179546351e+00
1.8380864768351426e+01
-4.8373491088492962e+01
8.8960857454680369e+00
1.8443979889183140e+01
-4.9025666925240259e+01
-3.0892345348038995e-02
3.2193951091079165e-01
-2.2544919314709183e+01
1.0333130473443973e+01
2.0994064145254910e+01
-4.7797913600840303e+01
1.2200115402214610e+01
2.1533785923996916e+01
-4.8558699501977635e+01
3.0742736593937031e-01
1.1512388305548009e+00
-2.2439509260099722e+01
1.3449837542761211e+01
1.0103815177915781e+01
-3.6496839781558684e+01
-3.5874225696782953e+00
1.6416593190917698e+01
-4.1278705144840423e+01
2.5039560375786625e+00
1.7911619080093889e+01
-4.4601575841027483e+01
1.9759251290005664e+00
2.4497394470335485e-02
-2.2071077900818761e+01
-3.7798274332829100e+00
1.7482251731279963e+01
-4.0180935698587270e+01
1.3168131181274831e+00
1.9192051881150480e+01
-4.2556325119133810e+01
-3.1567986359861413e+00
1.5945152425666778e+01
-4.2063853035847053e+01
-3.5699803306842641e+00
1.6611472569477055e+01
-4.1127383713439592e+01
1.3087476566221063e+01
4.8798661252639945e+00
-3.1894042909291258e+01
1.3172264633261586e+01
1.0999732791333573e+01
-3.6509770019951532e+01
3.8449131066274497e-02
2.6924187175044958e+00
-2.3266214424137477e+01
1.7980375183399075e-01
1.6435959329807648e+01
-4.4141528121927294e+01
1.1168173700339785e+00
1.8368258061009450e+00
-2.2396059516251132e+01
7.2677987416689538e-01
7.4637463748317157e-01
-2.2259961178376415e+01
-2.0935771180705549e+00
1.5355621057878139e+01
-4.2044477421504439e+01
5.2793959356007907e+00
1.9048468245126475e+01
-4.5687120867707847e+01
3.8428083022723061e+00
1.6766099798740463e+01
-4.6646304139592338e+01
-1.5803826077988037e+00
1.6629078048670773e+00
-2.3945118610049548e+01
-9.2968262963586748e-02
2.6732318557447834e+00
-2.3285868242044621e+01
-3.9826182688766543e+00
1.5033318569496686e+01
-4.2309139484962962e+01
-3.7796918179184718e+00
1.6699873298344748e+01
-4.0843950480105796e+01
-1.3346589895441821e+00
1.6381860868452573e+01
-4.3141879067854788e+01
-8.9355495369091831e-01
1.8466273232837167e+00
-2.3357317574036117e+01
9.9537691537889650e+00
2.1313036629357057e+01
-4.7137427698144684e+01
9.6022162152966872e-01
8.9730685609119532e-01
-2.2206330504498009e+01
-6.1637831301561430e-01
1.6630595666069322e+01
-4.3445229412593385e+01
-3.6579372375294333e-01
2.4485525272946300e+00
-2.3371554999358953e+01
2.6620683891678074e+00
1.9444054190149981e+01
-4.3287708012130501e+01
8.2963832818743333e-01
3.8903898791835573e-01
-2.2208428367902282e+01
-1.4802680568328426e+00
1.7111648784927311e+01
-4.2378277324292732e+01
1.3354731528089633e+01
5.7116582583828110e+00
-3.0632428680907928e+01
3.3009960600255623e+00
6.7604405708434168e-01
-2.2261048522986766e+01
2.9756394875874526e-01
1.9629277752820569e+00
-2.2688558542833935e+01
1.2901814926164288e+01
6.5203955045084712e+00
-3.1269663760272614e+01
3.2102150384381822e+00
1.8358536358853621e+00
-2.2536396706792026e+01
1.3094528908237089e+01
4.7312259831979944e+00
-3.1860169791454688e+01
5.6006905454391609e-01
5.2060615156314893e-01
-2.2299511654347722e+01
1.5388965372424313e+00
1.7813775450903206e+00
-2.2276427665209599e+01
2.7945723391986491e-02
1.7579155059712338e+01
-4.2943733627277595e+01
1.6705193834790927e-01
1.5517454562127984e+01
-4.5006986609877977e+01
9.3166632328187926e-01
1.9304753981836360e+01
-4.2175577165371081e+01
1.4470311750934992e+00
1.6559703089889641e+00
-2.2277920480304740e+01
1.3481998010758229e+00
1.7627783732945133e+01
-4.3914305163272395e+01
-1.1240597965151014e+00
1.7674693000875571e+01
-4.2066394396069185e+01
8.8971312645239875e-01
1.8181586380592236e+01
-4.2965179500422273e+01
5.7029793619283886e-01
9.2828274075900397e-01
-2.2320988861562480e+01
9.3011151625497357e-01
1.9289976633542476e+01
-4.2143870755029532e+01
2.0559910235387968e-01
5.2493072521810202e-01
-2.2430533122181714e+01
1.6630302147762110e+00
1.7696839503815001e+00
-2.2273241760718669e+01
1.0605930579908309e+00
1.8546030755775966e+01
-4.2900818723974979e+01
1.0189465393574023e+01
2.1322519541323278e+01
-4.7305985890413240e+01
5.5187135605644522e-01
2.4427265595299681e+00
-2.2758574865969972e+01
1.0048301663162689e+00
2.6439603360370252e+00
-2.2883738201632436e+01
1.1343124956931849e+00
8.7032072778708702e-01
-2.2171125490933314e+01
1.3428839217195712e+01
1.1102840186741158e+01
-3.5880877436289204e+01
-5.2554991477773139e-01
2.7415994117053635e+00
-2.3581833075822779e+01
1.3549907822707340e+01
3.4122014760701442e+00
-3.1881269216501380e+01
6.6204237373146757e+00
1.8161526244293569e+01
-4.7528202557867232e+01
2.5310992647633599e+00
1.8044908107840694e+01
-4.4192902104496341e+01
-3.3216980508787941e+00
1.5805758296884370e+01
-4.2127426211897173e+01
1.3598819354527137e+01
4.2194610467127065e+00
-3.1150938960276630e+01
1.5211188759580681e+01
2.2579522701031745e+01
-4.9988476881831964e+01
1.2688426805519237e+01
1.1979805448976172e+01
-3.7020835406993292e+01
1.2434472712086929e+01
2.1847344306203798e+01
-4.8558923100415797e+01
-1.0948854426245200e+00
2.8044286530839235e+00
-2.4043877494809969e+01
3.8582863293589216e+00
1.2108435820697041e+00
-2.2588259558505698e+01
-6.0766688822281401e-01
9.2951721536163101e-01
-2.2904860240005057e+01
-9.2337194475597917e-01
1.5218053835571970e+00
-2.3228492445277244e+01
1.4402741092091866e+00
9.9325688207569285e-01
-2.2142376845027346e+01
1.2935858497044279e+01
2.0222653839245218e+01
-5.0355194380492549e+01
-6.2207355523026999e+00
1.6195596691320262e+01
-3.9424003175947909e+01
-7.2345296971516926e-01
1.6449769804751234e+01
-4.3517286908043253e+01
-3.2952864109658924e+00
1.5955465182374457e+01
-4.2014016336968183e+01
-1.4177115411940209e+00
1.8432813863009631e+01
-4.1170961921046107e+01
-1.1732990058579027e+00
1.8624972377430826e+01
-4.1147334138757621e+01
6.6620344055275211e+00
1.9977535056505761e+01
-4.5929589282192175e+01
1.1925259406342872e+00
1.8533485468924081e+01
-4.2972906590586923e+01
-3.7353699109190095e+00
1.7263432527903518e+01
-4.0441024188023022e+01
9.4532961326298715e+00
2.0893455949418065e+01
-4.7280330853799903e+01
-3.6724158428712483e+00
1.7163759787421579e+01
-4.0610766314367638e+01
-8.3521793207441828e+00
1.4571292323948571e+01
-3.9316608029867901e+01
5.5874566447688279e-01
-1.9204808637169259e+00
-2.2209897534259262e+01
9.1678937024921206e-02
-1.8546497483880076e+00
-2.2332139738552591e+01
-1.9091911343097125e+00
-3.1861700091996643e+00
-2.3540395541811286e+01
-7.6942488443513202e-01
-3.0001100937889404e+00
-2.2296922277741963e+01
-2.0420537133488574e+00
-3.6557371722634464e+00
-2.3919829317344156e+01
-4.9001357209648368e+00
1.7017751025126561e+01
-3.9734079813336237e+01
6.7273459155528015e-01
1.8823372907792010e+01
-4.2363699411639224e+01
1.2584033358560374e+01
2.1955429123639686e+01
-4.8529347139020203e+01
2.9145212334044741e+00
1.5923387436722450e+01
-4.6837777389563826e+01
-6.6741443083295255e+00
1.3179625413676636e+01
-4.1889741364727058e+01
7.2892502025791661e-01
2.0312031398357133e+00
-2.2571520983078056e+01
-1.0358166742576309e+00
3.0180902876454163e+00
-2.4174649041759015e+01
1.9656258343411068e-01
1.2367307340046867e+00
-2.2508870745148581e+01
7.7964288605593524e+00
2.0751931724902455e+01
-4.6103534418338349e+01
6.9684631342717047e+00
1.9278986948608608e+01
-4.6886545377532627e+01
3.0529784942924216e+00
1.5854787246377708e+01
-4.6897222001517413e+01
2.4260022693838721e+00
4.5580864450917478e+00
-2.5308798910683912e+01
1.8926174186639447e-01
2.5492463305966546e+00
-2.3062032667015817e+01
2.5105227273699864e+00
1.7354231131643787e+00
-2.2316904486785408e+01
1.2666192678346258e+00
1.5982161596329711e+00
-2.2307586462624556e+01
3.3362188410897677e+00
8.8333350432039803e-01
-2.2301372717006739e+01
8.2951814296042292e-01
1.3533347624571901e+00
-2.2309696834224280e+01
-1.0133153466628077e-01
1.5498896571194019e+00
-2.2719200385863349e+01
1.0572460457694159e+00
-5.6846822786459761e-01
-2.2262838113150067e+01
3.9696752311071957e+00
-1.3182654456437544e+00
-2.2566363429751771e+01
-1.5831874891283060e-01
1.7441634790283402e+01
-4.3034687398234297e+01
1.2825789303936395e+00
1.7306952538182674e+01
-4.4238273169477281e+01
-3.0976921778707323e+00
1.6435632388937428e+01
-4.1685552422129454e+01
1.3111037440241434e+01
1.0640197765256078e+01
-3.6993134600114509e+01
2.8965836915827232e+00
1.6271557721235006e+01
-4.6472585790674408e+01
2.2463277655364942e+00
4.5381775694290480e+00
-2.5325791280108803e+01
3.3138622995129556e+00
2.1251416865191448e+00
-2.2669964576972163e+01
2.2546949076990845e+00
2.1067352946860076e+00
-2.2431899747789533e+01
-5.2781768776508056e+00
1.2882126531002292e+01
-4.3204227120388438e+01
1.3389786012859595e+01
3.7372514006927160e+00
-3.2057451040296378e+01
-5.6874791564609843e+00
1.2145345222144158e+01
-4.3644589628933041e+01
3.3728497742068035e+00
1.0562994536953323e+00
-2.2357423651249476e+01
3.5163435838103885e+00
9.4421620983787791e-01
-2.2421229537825010e+01
3.7723664436730080e+00
7.2477959144061188e-01
-2.2451905336051194e+01
6.1811214408174742e-01
7.2995948017335455e-01
-2.2281925546446043e+01
7.8293548573618155e-01
6.6266877390427215e-01
-2.2244401182821626e+01
-3.5197397390952609e+00
2.9324571331133127e+00
-2.7750224901811944e+01
1.0983686650941003e+01
1.9938136533449729e+01
-4.8727355146522200e+01
1.2909613712707003e+01
1.2058009279328616e+01
-3.6535235904052641e+01
4.1756195767718651e+00
1.7931440361540663e+01
-4.4431764469422767e+01
2.8842835698493396e-01
1.7518494364322091e+01
-4.3131742526589264e+01
-2.4291567924634833e-01
1.7195055631775617e+01
-4.3218931988510569e+01
2.3965450451327105e-01
1.7115389973497866e+01
-4.3543310970478998e+01
2.4033281750845972e-01
1.6918092221696291e+01
-4.3759662018172556e+01
-2.6926558069306998e+00
1.6333345627242640e+01
-4.2090736783352376e+01
3.1039018104507776e+00
1.6201348979432229e+01
-4.6888673705012998e+01
1.5973182926072532e-01
1.5024392896991678e+01
-4.5525989579445699e+01
-4.7329553086778180e+00
1.3290949553825698e+01
-4.3353911435306635e+01
-4.0305420153584887e-01
3.0730812142628885e+00
-2.3779001425385246e+01
3.5949069250331536e+00
8.6111263434028729e-01
-2.2435696230214276e+01
7.2308542795493003e-01
1.1459775178187663e+00
-2.2310622177148709e+01
1.0310439852242279e+00
7.9198913751650923e-01
-2.2189454423189503e+01
-5.6198862947488415e+00
1.6145582146377592e+01
-4.0006879286946756e+01
1.2866130117368069e+01
4.8895202987253761e+00
-3.2446102842974568e+01
-7.9739553603820268e-01
2.2960542121612639e+00
-2.3520459008550706e+01
2.4508227639253581e+00
6.9694705000945567e-01
-2.2104389241990063e+01
-2.0117762302847025e-01
4.2639790842780123e-01
-2.2615640569556557e+01
-5.5710908447887764e-01
3.8854150056702164e-01
-2.2851535091592467e+01
-5.5067499002811244e+00
1.5908697434964132e+01
-4.0268129695764429e+01
2.4622642274909117e+00
2.2098997131048241e+00
-2.2506589555569132e+01
-1.4246344661363222e-01
1.1353002245375001e+00
-2.2645093444140993e+01
4.8822803842963536e-01
-5.5497082497306649e-01
-2.2420970626483044e+01
2.4848667302199372e+00
1.3136725171951864e+00
-2.2224372676429368e+01
2.2388667823954882e+00
4.5453722366078225e-01
-2.2063638097553209e+01
3.0344262427913287e+00
9.3044467738672065e-01
-2.2300093204691169e+01
1.0344253436187618e+01
2.1180890920843538e+01
-4.7629046457693299e+01
1.0445787699585230e+01
2.1073941816449672e+01
-4.7740704615717632e+01
6.9868829382793827e+00
2.0035279099918309e+01
-4.6093931447208952e+01
6.4353324103262821e+00
2.0247128282451122e+01
-4.5434499868803954e+01
7.5325374142769528e+00
2.0177994263613972e+01
-4.6350425838944645e+01
1.5836956170918957e+00
1.9302358257426949e+01
-4.2663373723213041e+01
2.1277596509961385e+00
1.9500431181452029e+01
-4.2906941062066515e+01
-4.7418007155188064e+00
1.7202349797352340e+01
-3.9697377568823043e+01
7.5407450158077971e+00
2.0187469557756216e+01
-4.6378534618774935e+01
1.2650902142875593e+01
6.1938641496328577e+00
-3.1629359215307243e+01
-8.6389695552808181e+00
1.4325898077531804e+01
-3.9358860499040411e+01
-1.1737125601223784e+01
1.1622755738772106e+01
-3.9430214730575408e+01
-9.7128270741894589e+00
1.2844709560782800e+01
-3.9801103039218411e+01
-1.5688271069411440e+01
1.0604668277474850e+01
-3.7352541080822732e+01
-9.3323545077098231e+00
1.2714966043740597e+01
-4.0236647764804026e+01
-1.0687308575985265e+01
1.2819035059384694e+01
-3.9123022092527485e+01
-1.5009276525429788e+01
1.3285824819680391e+01
-3.5278253847687196e+01
-1.2519802505189920e+01
1.3749414362494008e+01
-3.6824310030235438e+01
-1.2204830194935305e+01
1.3806310267504434e+01
-3.7005593703992048e+01
-8.3266156227016701e+00
1.4183748846827283e+01
-3.9648568956127875e+01
-1.6350020140441938e+01
1.0807681541593112e+01
-3.6687127755605154e+01
-1.5699477912466241e+01
9.6132210186599458e+00
-3.8320240362813152e+01
-8.4724992375591981e+00
1.3799942282594264e+01
-3.9880581765897176e+01
-8.9894644474394685e+00
1.4185773684068337e+01
-3.9200621569765246e+01
-1.3884801902662966e+01
1.1202839956318213e+01
-3.7628822448581012e+01
-1.2899773199711417e+01
1.2529968737084863e+01
-3.7751321410495358e+01
-1.5807447436476966e+01
1.1717603721467089e+01
-3.5913972691702078e+01
-9.5850594934668525e+00
1.3028899327995850e+01
-3.9795749652355653e+01
-1.1629497770882088e+01
1.2278917945408075e+01
-3.8469995434625730e+01
-9.8929648762853475e+00
1.2048070138250983e+01
-4.0499529467578419e+01
-1.2057579514823088e+01
1.3243697386271457e+01
-3.7599119125120396e+01
-1.0805037051199591e+01
1.3704095533664113e+01
-3.8253196831418883e+01
1.2788367525379330e+01
9.9142834355219627e+00
-3.8166722114483299e+01
-6.7932584888216923e+00
1.3048488791238841e+01
-4.2022802157372773e+01
-7.2247140320481407e+00
1.2155287900421648e+01
-4.2407816267225286e+01
-6.4010097668754593e+00
1.1777164159059758e+01
-4.3516024124025925e+01
1.2901440962868104e+01
9.4816886616124272e+00
-3.8217019968352140e+01
-3.8368243665087900e+00
5.6424019773694356e+00
-3.8183890068617885e+01
1.3182590952250855e+01
4.7106563340933656e+00
-3.1772406548167755e+01
-3.3444877496198497e+00
3.1303025518831022e+00
-2.7953065503857630e+01
2.7427078024755636e+00
2.2632795256343696e+00
-2.2651305997007757e+01
3.2516955558289871e+00
1.3366390312467678e+00
-2.2413305315371296e+01
3.6293529997398153e+00
1.2137941637591763e+00
-2.2533280081178965e+01
3.7463793208860086e+00
1.0272038258773224e+00
-2.2502039981471508e+01
3.7106348255206867e+00
9.6047656143678128e-01
-2.2466348548187511e+01
4.6857304332073930e+00
9.7896004729315855e-01
-2.3014828921283129e+01
3.6168110983931387e+00
7.9164701428657314e-01
-2.2419551534683219e+01
1.3787109907454695e+01
5.6830558296336819e-01
-3.3310310508270518e+01
3.7608994230460548e+00
5.3734993147905230e-01
-2.2476600612617766e+01
1.9871241162899047e+00
3.3394496841231597e-01
-2.2065677614873930e+01
3.4519519199791406e+00
2.4447103746156326e-01
-2.2332776424650177e+01
1.4447001389449925e+01
-3.1464174339645307e-01
-3.2470559823677775e+01
5.0366130809067766e-01
-3.2237940716839497e-01
-2.2342556542102070e+01
1.4983302732549687e+01
-1.0704201819310315e+00
-3.1792330038944922e+01
1.0471707568533783e+00
-8.2031421707478636e-01
-2.2315659284380487e+01
1.5248406741896101e+01
-1.2833763188950029e+00
-3.1183115318328564e+01
1.8622069385004449e+00
-1.0946239847395416e+00
-2.2365363481662776e+01
1.9758847760095710e+00
-3.3249969849598151e+00
-2.1754179964495400e+01
2.1002742818444782e+00
-3.7784321140318955e+00
-2.2190526697186364e+01
5.4859053077478990e+00
-8.5746944278874082e+00
-2.3318688198740325e+01
-6.6861571935569053e+00
1.2949386012585046e+01
-4.2179961784193679e+01
-6.6861571935569053e+00
1.2949386012585046e+01
-4.2179961784193679e+01
1.3097262532083668e+01
1.1101281069961507e+01
-3.6649427999687845e+01
-6.8547279863864210e+00
1.2180819976013575e+01
-4.2658542927879466e+01
1.2689179409850549e+01
1.0388664929162950e+01
-3.8170681100367936e+01
-1.2522205890963143e+01
1.0444591528845704e+01
-3.9991890394074616e+01
1.3007138824764860e+01
9.5369990034874945e+00
-3.8024112241016269e+01
1.5381034798417752e+00
4.5200504290624632e+00
-2.5221758264432182e+01
-3.4745819214404632e+00
3.1436729497292273e+00
-2.7948972815092155e+01
1.2801974710586084e+01
3.7469587661976602e+00
-3.3386904325285563e+01
-7.9508185705662378e+00
3.1474760217529463e+00
-3.5413358851401384e+01
8.1566088702825046e-01
2.3970610705267932e+00
-2.2726005417861561e+01
1.3294875996029171e+01
3.0668958445631671e+00
-3.2809868486341863e+01
1.3144351989714552e+01
3.0308346935578152e+00
-3.3103032156763831e+01
1.3558422140229741e+01
2.9933586215948105e+00
-3.2102995760436343e+01
1.6210002163186494e+00
2.1051077255747690e+00
-2.2423825558534915e+01
3.0704819500535727e+00
2.0882971262775096e+00
-2.2578617023506521e+01
3.3252897568659670e+00
2.0168703443006555e+00
-2.2613115244581643e+01
-4.5590177310587110e-01
1.3207006526237286e+00
-2.2878057423864835e+01
3.8967681555035902e+00
1.0768068275796681e+00
-2.2624493598639717e+01
1.7368033423562959e+00
7.6081442953136846e-01
-2.2091779867071669e+01
1.3624827444144533e+01
6.6442754984000729e-01
-3.3526919277419644e+01
5.8318808495146195e+00
5.3876428664342402e-01
-2.4100896936409338e+01
1.3688837375894852e+01
4.5332570445296616e-01
-3.3528833014970104e+01
3.1309868640964909e+00
2.9369416521692237e-02
-2.2236073026976328e+01
2.4615075445878953e+00
-8.3171718902612254e-02
-2.2111458280734997e+01
-2.7342795857427904e-01
-2.9127407212417150e-01
-2.2709584806082187e+01
3.7823291972490494e+00
-4.6396611576515223e-01
-2.2501451820547814e+01
-5.6069992771449229e-01
-6.2256476988123755e-01
-2.2928876254446184e+01
4.1093385099107262e+00
-6.4417876460129098e-01
-2.2714056234064142e+01
3.9092742297068126e+00
-6.7109125782726342e-01
-2.2624512497721053e+01
3.3757588513690369e+00
-8.4447221674557693e-01
-2.2519502849500874e+01
7.5133078156915722e+00
-1.1607986706893350e+00
-2.3965691408555177e+01
6.9830026962701952e+00
-2.2227934331678676e+00
-2.4224312416908202e+01
4.8112583747566378e+00
-3.4658182789472409e+00
-2.2928351481352745e+01
4.0532777854983175e+00
-3.6726520260823281e+00
-2.2567159782193901e+01
4.0712104542019727e+00
-3.7498906160864598e+00
-2.2666087436549610e+01
1.2928954235497475e+01
-4.9124798303240524e+00
-2.7818243917900691e+01
1.2503887254668182e+01
-6.1337046221759497e+00
-2.6405823994931097e+01
-3.5994313198398178e+00
-8.6726335753687618e+00
-2.2998078520958689e+01
-3.6680704179344445e+00
-8.7499606712083295e+00
-2.2916186406488389e+01
-1.9795175439700883e+00
-8.9209963524287588e+00
-2.2819253231723696e+01
1.9799765835621794e+00
-8.8499577084413108e+00
-2.2878854419409755e+01
-2.0176176915704520e+00
-9.0047514913277986e+00
-2.2685161189096977e+01
1.2864068144172723e+01
1.1552834935233832e+01
-3.6907081844894485e+01
1.2863571205328142e+01
1.1552991179082838e+01
-3.6905771504051181e+01
-9.1141854180812150e+00
1.2078404911586965e+01
-4.0953838398564059e+01
1.3572146297456099e+01
1.0585497535918837e+01
-3.5832129291710210e+01
1.2892507370970010e+01
1.0441923082104321e+01
-3.7655204213518410e+01
1.2892507370970010e+01
1.0441923082104321e+01
-3.7655204213518410e+01
-1.2433621848595148e+01
1.0318155207738389e+01
-4.0149446728480328e+01
7.3317459985555953e+00
9.8015088411350106e+00
-4.3265867205200053e+01
1.9423108318900966e+00
9.3191097121116879e+00
-4.2386860996428744e+01
6.5025081568151695e+00
8.0177301620063286e+00
-4.1327405650736900e+01
1.2681471274556545e+01
6.2081643166116081e+00
-3.1703757053540141e+01
-2.1965965854538680e+00
6.2442726145442924e+00
-3.8900775984474222e+01
-4.0660189785872776e+00
5.5521130260729468e+00
-3.8322144114713019e+01
1.3545334115223961e+01
4.5864306468537288e+00
-3.0900467967465971e+01
-2.5617056287480340e+00
3.0843500462356310e+00
-2.6982714025039638e+01
-7.3623653496305463e+00
2.8436687347848713e+00
-3.5038888029442006e+01
1.3091735088628391e+00
1.7048841763319078e+00
-2.2321762711373079e+01
1.3616219071713781e+01
8.7278347747622964e-01
-3.3476829565297351e+01
1.3713603561785460e+01
5.5100959463398347e-01
-3.3420745192162457e+01
3.1966935463386772e+00
4.2468195496468447e-01
-2.2231097086683118e+01
5.6826211060361906e+00
3.5996471634340227e-01
-2.3874858470501668e+01
1.4095444581090904e+01
-1.1816355442121360e-01
-3.2948164520955224e+01
5.6072394400935732e-01
-3.9612631503204115e-01
-2.2353935734365329e+01
5.9201184416012964e-01
-6.6038031395241537e-01
-2.2403447714254877e+01
-7.4117064377210262e+00
-1.8081013054055743e+00
-3.0197375391620128e+01
-7.2989949501934399e+00
-1.8914354858930142e+00
-3.0046052750565110e+01
-7.6114758074402147e+00
-2.3504646040119477e+00
-2.9534387199426043e+01
-2.3688086492284595e+00
-8.3763237824106529e+00
-2.3329763998090353e+01
-6.6164628570829978e+00
1.2251243565543312e+01
-4.2699430193734429e+01
1.3544569511087069e+01
1.0007215393912523e+01
-3.6293647862967823e+01
1.3518232558166483e+01
8.5216299132955182e+00
-3.7297950060405498e+01
5.8483710786390661e+00
8.3746110071244644e+00
-4.1655170734275998e+01
1.3508481979381921e+01
4.2409051784873615e+00
-3.1338250495761418e+01
1.3252179293633477e+01
3.9181845169172034e+00
-3.2257377030380944e+01
1.2838098058730207e+01
3.5814768316569991e+00
-3.3632933026668333e+01
4.4354414405801501e+00
2.7613636924106522e+00
-2.3569810202278376e+01
-8.1800799665521122e+00
2.8927839566727420e+00
-3.5180232409586360e+01
-7.4621298024609652e+00
2.3997939313926779e+00
-3.4693347108422955e+01
1.3297584571536360e+01
2.0109120789305104e+00
-3.3457283894416200e+01
1.4066950219519599e+01
1.9650719328253050e+00
-3.1824680129272590e+01
1.4625744602117233e+01
5.3892289643039126e-01
-3.1005923995313772e+01
1.4828272055402547e+01
3.5543642960687355e-01
-3.1037316109593878e+01
1.4660070821874987e+01
3.4521951853765931e-01
-3.1448433664537468e+01
3.2777123919513169e+00
3.6326332754615798e-01
-2.2242206777420190e+01
1.5262874738475366e+01
-1.8367082804392862e+00
-3.1094610426325296e+01
2.0955119065691035e+00
-4.3030630647054915e+00
-2.2680527995682905e+01
-1.8083545448134339e+00
-9.2065732187218643e+00
-2.2497424410663847e+01
-1.2299985326232820e+01
1.0516622727143467e+01
-4.0049537949037713e+01
1.3100975153882020e+01
1.0005907628872043e+01
-3.7402466407805704e+01
-2.3485032529217298e+00
1.0490603504627503e+01
-4.3352362035963878e+01
1.2946470858925119e+01
9.3414798216416486e+00
-3.8237674488675566e+01
1.3291186449735164e+01
9.1994096531294502e+00
-3.7486353052165285e+01
1.3645213543050588e+01
8.4792770632929759e+00
-3.6928494255522388e+01
9.9628820372646898e-01
8.7298165512050101e+00
-4.1786318624716245e+01
8.4180723970949121e+00
6.8523290656252591e+00
-4.0247095327266507e+01
8.4180723970949121e+00
6.8523290656252591e+00
-4.0247095327266507e+01
1.2933839928079131e+01
5.4750056405523990e+00
-3.1852863049940623e+01
1.2602315720410295e+00
2.6027906643188938e+00
-2.2817007491759266e+01
1.5692964733218024e+00
1.9719236210150568e+00
-2.2392415944042504e+01
1.3297175607857433e+01
2.4046291766204679e+00
-3.3075500396988311e+01
5.8937953312117868e+00
1.0687490191955986e+00
-2.4249549431589038e+01
5.7317359440610742e+00
1.0517410622885359e+00
-2.3976222704240879e+01
2.9320132100169816e+00
-6.2108433240627448e-01
-2.2319257936247947e+01
1.2713326115334159e+01
-5.2095150700631860e+00
-2.7575780027809444e+01
9.1853054817075286e+00
-7.2656825514821977e+00
-2.4919731598443040e+01
1.2717741662478243e+01
1.0059809303737746e+01
-3.8207069441005878e+01
1.3550367270626365e+01
9.1265418894183110e+00
-3.6962583722292656e+01
1.3744607087439514e+01
8.6415147721293071e+00
-3.6760037892417799e+01
1.0307664685233744e+00
8.4322623461692618e+00
-4.1612783770392916e+01
2.3992211117826217e+00
3.2583196574815516e+00
-2.2412089534342755e+01
1.3480978874176222e+01
3.8132301001845792e+00
-3.1790101857992475e+01
1.4542185696339056e+01
2.4015799888367650e-01
-3.1621570438047407e+01
8.2930895151700668e-01
-4.0270979935588602e-01
-2.2273686945504704e+01
3.0943711626604617e+00
-5.0528613495639374e-01
-2.2340228534311255e+01
6.7216392635831541e+00
1.2077199573726570e+01
-4.5581019577520202e+01
1.3184071395640537e+01
3.1843009159822415e+00
-3.2589552617245303e+01
1.2563385989968694e+01
-4.9866614008584484e+00
-2.7825964062151414e+01
-1.6245867425694605e+01
9.2600204407282263e+00
-3.8281317656748136e+01
-1.0863230946799998e+01
1.1102680982528234e+01
-4.0498874567362016e+01
-1.4751280422375858e+01
1.3338649545992229e+01
-3.5525979814775958e+01
-1.4628215839214091e+01
1.3351648577752009e+01
-3.5497672374256972e+01
-1.5384766104951334e+01
1.0965751414853603e+01
-3.6814370028940075e+01
3.7795216684704167e+00
1.9708507889996543e+01
-4.3883650373434349e+01
1.4886495601571534e+01
2.2533686695074863e+01
-4.9640577821507385e+01
9.6093680481490935e+00
2.0773232931501532e+01
-4.7482272347910147e+01
1.1158196586488840e+01
2.1824490899215654e+01
-4.7940069525932621e+01
1.0053053444600712e+01
2.1078538009616778e+01
-4.7487632511548391e+01
4.9287938656121497e+00
2.0275981829897393e+01
-4.4387792205718448e+01
1.6263270148182085e+00
-6.2365254213891914e+00
-2.3296434725795695e+01
1.3064294211612255e+01
6.1495926112541772e+00
-3.1118102358265162e+01
1.3193636233539591e+01
1.1931216814227055e+01
-3.5999982552832876e+01
1.2053316599077213e+01
1.8462040489023188e+01
-5.1196001690772199e+01
1.3355200222187131e+01
1.9957033285520438e+01
-5.0860113441279857e+01
1.3620497194220874e+01
1.0363774497658289e+01
-3.5925296850424374e+01
1.3098160669439050e+01
1.0002968720719174e+01
-3.7393173995594303e+01
1.2602539732458444e+01
1.0111966704454744e+01
-3.8565378599196571e+01
1.0640990205859982e+01
2.1248954311477249e+01
-4.7683437326197307e+01
1.3222513432940341e+01
1.1958896862901293e+01
-3.5786362530003274e+01
1.2970800939014103e+01
1.2414352701129294e+01
-3.6068678907092135e+01
1.2643593723367815e+01
1.1764765506715552e+01
-3.7315091720689175e+01
1.3273670367473237e+01
5.8220612081993348e+00
-3.0810463719668682e+01
-1.0841202076662139e-01
1.8606941649104826e+01
-4.2171875060442865e+01
-8.4340270546882667e-01
1.1424580696714006e+00
-2.3110796793143027e+01
-8.5928299082376576e+00
1.2875915095241654e+01
-4.0683113948583276e+01
-9.8312889099404668e+00
1.3185114923068843e+01
-3.9427926983956525e+01
-1.6561344203820092e+01
9.9446648951218073e+00
-3.7323503277745772e+01
-1.4659134782947726e+01
1.2090703354581038e+01
-3.6797662338799277e+01
-1.3197571926495979e+01
1.0447489452430561e+01
-3.9706997932605269e+01
1.1864152522570238e+01
1.8590686270705980e+01
-5.0973795842138010e+01
3.5326660145044899e+00
1.5726305502373615e+01
-4.7402943243283737e+01
1.2057711334952460e+01
1.8466186315390662e+01
-5.1206731443218580e+01
-5.3524009010776412e+00
5.2842275715391089e+00
-3.7989696819532639e+01
2.9131452863307296e-02
1.7578667580920914e+01
-4.2934197207640871e+01
-2.7059340005093175e+00
1.5856221216142819e+01
-4.2455283758937099e+01
2.4374651519960806e+00
1.5251326646802736e+00
-2.2241173755081245e+01
1.2244615521269793e+01
1.7844291370182788e+01
-5.1830895450870472e+01
-6.9390980100240662e-01
2.3681163999103755e-01
-2.2908128277148350e+01
-1.3642869944595265e+01
1.2466149006774003e+01
-3.7173147864390280e+01
-3.5317806607581916e+00
1.7489756703804623e+01
-4.0467982404178841e+01
-1.2063284014833924e+01
1.2688459624591237e+01
-3.8188752695727210e+01
-1.4531352286189533e+01
1.1990876424750507e+01
-3.7021315774528937e+01
-1.3502447271731789e+01
1.2307914582738352e+01
-3.7526011705226907e+01
5.1974785739460472e-01
1.7790352017725617e+01
-4.3156276989162642e+01
-2.0523149022185643e+00
1.4890572958432141e+01
-4.2239442875321977e+01
-5.8860724621493530e+00
1.5090298976524485e+01
-4.0760461329441227e+01
-3.8566661293224025e-01
1.4090970935017504e+01
-4.6011948987478569e+01
1.1830053262889155e+00
1.9048224208446307e+01
-4.2598141494394753e+01
3.8375158709573420e+00
1.6005352866052217e+01
-4.7483442619860242e+01
2.0715335520048814e-01
2.8105931244159001e+00
-2.3209387543717757e+01
-3.9958384293206661e+00
5.6853241654528741e+00
-3.8482985309670099e+01
1.7716660264007040e+00
1.9583879938236876e+01
-4.2564571223016301e+01
-6.3899515172932961e+00
1.5278432056238243e+01
-4.0213026106085309e+01
-7.9969593613476653e-01
2.5079802248417851e+00
-2.3609846210527859e+01
2.9484785029988864e-01
1.7827187530177898e+01
-4.2957565683048934e+01
-1.5974519241189473e+00
1.6944392584390854e+01
-4.2359765851505614e+01
-2.0595412382197251e+00
1.5148781933961251e+01
-4.2017670947280173e+01
-3.4322948245749423e+00
6.3919464926991667e+00
-3.9116452072335790e+01
8.7825701817092128e-01
2.7474908727016727e+00
-2.3004894256440458e+01
1.9351074412994626e-01
2.0828551045604313e+00
-2.2789933310150264e+01
1.5636532299494581e+00
1.6748183224541060e+00
-2.2269664357343981e+01
1.2631509671229282e-01
1.8578444002041124e+01
-4.2290915987128770e+01
8.0400121945596037e-01
2.4937640365568976e+00
-2.2763287143175596e+01
-7.1121960079468716e-01
1.9042172303268952e+00
-2.3251307856075034e+01
2.1509509653899855e-01
1.4166008392451781e+00
-2.2532993515980916e+01
1.3542000239816607e+00
2.2314731929479330e+00
-2.2522662121793672e+01
-4.1052818652012624e-01
2.2068475427768792e+00
-2.3165121598141646e+01
3.2655615884612682e-01
1.8545793739629610e+00
-2.2642612949524132e+01
9.3733373619083438e-01
1.7502638674641231e+00
-2.2408584159477368e+01
-3.2940273329038394e-01
1.2928389779379843e+00
-2.2800423836240185e+01
2.1536435269234331e+00
1.2363156475355555e+00
-2.2146241520210609e+01
6.5246568192445373e+00
1.9677357994989237e+01
-4.6110410644207818e+01
1.3557912339860134e-01
1.6927370530915757e+00
-2.2605110399258855e+01
-7.3232350657769463e-01
2.7122037296274821e+00
-2.3694504177902850e+01
7.7641297391458239e-02
2.4721622975967006e+00
-2.3044063174561234e+01
7.4664480722644955e-01
2.0423800737158877e+00
-2.2557912108528409e+01
1.0302084529992210e+00
1.4878807320292258e+00
-2.2325287063913798e+01
2.0048594991183060e+00
1.9657657892154248e+01
-4.2645904978748959e+01
3.3613354650689464e-01
1.8285301805383241e+01
-4.2577772895263742e+01
3.6691964971965128e+00
2.7972618098616979e+00
-2.3364529182594190e+01
-1.6333554466283022e+01
1.1824543371561179e+01
-3.5624223673779184e+01
-1.5262026434095365e+01
1.0629967430673707e+01
-3.7747216206112448e+01
-9.1887392493500339e+00
1.2856228436186006e+01
-4.0133727612261737e+01
-8.9758989777795684e+00
1.2739982080125060e+01
-4.0471221683186435e+01
-1.1820313636532997e+01
1.1091896134735221e+01
-3.9945989962169548e+01
3.2530484707170149e-01
1.8874417198195310e+01
-4.2073632636807510e+01
1.0283144588156219e+00
1.9206118569142621e+01
-4.2606220085003095e+01
3.6653955138666744e-01
1.8653018632300885e+01
-4.2228015608558614e+01
-1.5270343424673824e+01
1.0499156913170442e+01
-3.7823178902326305e+01
-1.0930336252999981e+01
1.1214580569658636e+01
-4.0426895326521340e+01
-1.2467424564457152e+01
1.4100053065105470e+01
-3.6502947396253923e+01
-1.5134756182026221e+01
1.3118134307299533e+01
-3.5331528814656195e+01
-1.5134756182026221e+01
1.3118134307299533e+01
-3.5331528814656195e+01
-1.4257120493217174e+01
1.2625462455011665e+01
-3.6264367299857724e+01
-1.2604339087428071e+01
1.2929204349277251e+01
-3.7514615660082804e+01
-1.5759181914091409e+01
9.3135826784215787e+00
-3.8516359496196792e+01
-1.5034935907021580e+01
1.1635343182291869e+01
-3.6912123032843276e+01
-1.4089209916375872e+01
7.2091626166166902e+00
-3.9684137802049783e+01
-1.4059257373992223e+01
7.0450270000454793e+00
-3.9558849183780282e+01
-1.3514466700606878e+01
1.2768443989116967e+01
-3.7067312829868733e+01
-1.2821211538714083e+01
1.2972477781683477e+01
-3.7322404436120074e+01
-1.4570739619423991e+01
1.2156506352145570e+01
-3.6795711682146937e+01
-1.6067988770144012e+01
1.1932882387993223e+01
-3.5769994000496055e+01
-1.1148875269713848e+01
1.2836856238541815e+01
-3.8651465718964744e+01
2.7759932744469991e+00
-7.3071920732427875e-01
-2.2318184957424283e+01
-1.0917375210928407e+01
1.1319218407543691e+01
-4.0295027403033934e+01
-1.4953138077156638e+01
1.0547341859816148e+01
-3.8079150717838630e+01
-1.3690576507436505e+01
1.2570851410401344e+01
-3.7063683576579997e+01
-1.6302201340816080e+01
9.8980939245934163e+00
-3.7602522678821870e+01
-1.6112483899226287e+01
9.5538976682506469e+00
-3.8039170991675789e+01
-1.1256190816202357e+01
1.2227112295851626e+01
-3.9234536634225741e+01
-1.2752349807929978e+01
1.2862185930948469e+01
-3.7690213443222646e+01
-1.3793096773776208e+01
1.2219749409996096e+01
-3.7400151674445162e+01
-1.1907283581812628e+01
2.0097598751121817e+00
-3.4082271920053756e+01
-1.6128291654242130e+01
9.5679931022720837e+00
-3.8092216338767315e+01
-1.4738906139633279e+01
1.2185479927151890e+01
-3.6775731798607673e+01
-1.5713928245633102e+01
9.4709408284700025e+00
-3.8492496728562692e+01
-8.2267751524653328e+00
3.0567096141122989e+00
-3.5370344220224567e+01
-1.1692501219925289e+01
1.3271928985059096e+01
-3.7944636482716540e+01
-8.9255243192763114e+00
1.3637092860035464e+01
-3.9693545372020040e+01
-1.5794724205668100e+01
1.0595179163562131e+01
-3.7394828571538099e+01
-1.5710475544121195e+01
9.4694922181958425e+00
-3.8484303854735543e+01
-1.4566970242813650e+01
1.2027595117035975e+01
-3.6856056705047429e+01
-9.1070141736008985e+00
1.4299987778408669e+01
-3.8974407423431273e+01
-1.0798437196354492e+01
1.1663408165325343e+01
-4.0019326841404776e+01
-1.4353521220502694e+01
1.2017264599214077e+01
-3.7162234057769759e+01
-1.0427766913342982e+01
1.3747161510179685e+01
-3.8517054045539147e+01
-1.6035392077276690e+01
1.0168163547226085e+01
-3.7511336450216945e+01
-1.2357251220829802e+01
1.4106056606550903e+01
-3.6585437292286692e+01
4.2200202352356692e-01
-4.9062055120534387e-01
-2.2417635872993642e+01
1.3163666633828058e+01
1.2087617911992810e+01
-3.5771277536930192e+01
1.2797470305197772e+01
1.0437821847286079e+01
-3.7853378405508920e+01
1.2798855758083810e+01
1.0439121081688231e+01
-3.7857946272074280e+01
1.2819928928253404e+01
1.0207860781492416e+01
-3.8042841297262825e+01
1.3106265113577425e+01
1.0639663898318501e+01
-3.6983806752029892e+01
1.3604199932919343e+01
3.8847697402538772e+00
-3.1468314659902102e+01
2.2776994186745099e+00
2.5694814637667007e-01
-2.2076402826587081e+01
1.3508477345755086e+01
3.5707523513126644e+00
-3.1895586489949611e+01
1.3480307945625155e+01
3.1805375111436716e+00
-3.2265135019726294e+01
1.3124400323536461e+01
1.1711207907565889e+01
-3.6240774418909488e+01
1.2960244672100037e+01
1.1597899869068986e+01
-3.6770267696194551e+01
1.3254075730318513e+01
1.0454504843089211e+01
-3.6745288018316742e+01
1.3599172283860211e+01
4.3541783098823945e+00
-3.1083060301673235e+01
1.9672995710985506e+00
4.5176222907475866e-01
-2.2068137041478984e+01
-4.3000976608532021e-01
-3.7620488460879054e-01
-2.2827903992903433e+01
1.2946786615895771e+01
6.1695335851160031e+00
-3.1283073998721282e+01
-1.1113796106908729e+00
1.7602612128692532e+00
-2.3500921759540343e+01
2.7886296505055546e+00
5.9169267281604508e-02
-2.2054618065974406e+01
2.5466364761569587e+00
-1.7144659283526423e-01
-2.2088112768651495e+01
-1.0947688036388377e+00
1.0478244821210749e+00
-2.3312790115181478e+01
-3.3471190778945675e-01
5.1961958401181807e-01
-2.2704936949063850e+01
-1.9983615697087667e-01
4.2600163110505701e-01
-2.2614622663154506e+01
-3.2579322691694751e-02
3.2356326519446349e-01
-2.2545990370485150e+01
2.0666188167381820e+00
-3.9289710320290022e-01
-2.2155824905036525e+01
2.0683812738321072e+00
-3.9236840124101185e-01
-2.2158379521885113e+01
-7.3655716575553398e-01
5.0339784900587436e-01
-2.2941779763454409e+01
1.9841831493777791e+00
-5.2477794518893295e-01
-2.2167652720307611e+01
-1.6712610872019709e+00
8.8316728649757359e-01
-2.3871953782413090e+01
1.2993724342642091e+01
1.2153707502682492e+01
-3.6191221470331115e+01
-7.8108479778750373e-01
7.6574938963842232e-01
-2.2979478630929233e+01
-1.2838792850348519e+00
7.6445192413201302e-01
-2.3450859501764764e+01
5.4837888897910980e-01
-1.6807683393999837e-01
-2.2319277798185400e+01
5.4738805525947065e-01
-1.6368887875846450e-01
-2.2324314947612333e+01
9.7933501572966208e-01
-4.9493326076193828e-01
-2.2262769586512317e+01
1.0745891991389540e+00
-1.1311253217484350e-01
-2.2164257316068625e+01
-9.6857968271011501e+00
1.2601650097765352e+01
-4.0117528237032055e+01
-1.1844666870275962e+01
1.3361223057679545e+01
-3.7759539094915148e+01
-1.3722679934769289e+01
1.2609090801970375e+01
-3.7154567292627355e+01
-1.3073887846438893e+01
1.2392772390424350e+01
-3.7660865619123364e+01
-9.8669867053484630e+00
1.4027958588991220e+01
-3.8593296148924033e+01
-1.5957251826464741e+01
1.0533000315524424e+01
-3.7148613493972533e+01
-9.9494273195547596e+00
1.3055419921873515e+01
-3.9470442291389283e+01
-1.3937425050597744e+01
1.2271762442442762e+01
-3.7212481028423241e+01
-1.6099251302513419e+01
1.0470468187416479e+01
-3.7234485477388347e+01
-1.0919726186965374e+01
1.1473939762094028e+01
-4.0128705791582107e+01
-1.2899864280845522e+01
1.2779308020028731e+01
-3.7426956553442452e+01
-1.6099251302513419e+01
1.0470468187416479e+01
-3.7234485477388347e+01
-1.5966471766989990e+01
1.1552874871020435e+01
-3.6200552451631395e+01
-1.6405742416138033e+01
1.0714231122165820e+01
-3.6643752474356248e+01
-1.2066187582356143e+01
1.2692510180030828e+01
-3.8203246643061306e+01
-1.2353764575081991e+01
1.2526465530325678e+01
-3.8084069924115362e+01
-1.3213312991335467e+01
1.2445926669274721e+01
-3.7607873627888345e+01
-1.1696501974425436e+01
1.3270772220140460e+01
-3.7950746948938736e+01
-1.0682999743727102e+01
1.3089044591192707e+01
-3.8895276329300437e+01
-1.6251313792168627e+01
1.0831924658975220e+01
-3.6836409931942001e+01
-1.3339121707889733e+01
1.2640678767786735e+01
-3.7356322459770603e+01
-1.1155245741053060e+01
1.3220600665248909e+01
-3.8390275858413389e+01
-1.5729373752231693e+01
1.0494253340089740e+01
-3.7388555401756690e+01
-1.5431045225090118e+01
1.2283089140016001e+01
-3.5889299491167193e+01
-1.5073633866180426e+01
6.2038495779538056e+00
-3.8309798577880755e+01
-1.4703862426165461e+01
1.1712013093562598e+01
-3.7058693904206642e+01
-1.0961481312528631e+01
1.3464262594489220e+01
-3.8314903449338715e+01
-1.6112105343435552e+01
1.0003478013421814e+01
-3.7678545809267156e+01
-1.6082464984856223e+01
9.9878711381369509e+00
-3.7595295854764302e+01
-1.6426746685117099e+01
1.0726297908500344e+01
-3.6693710759566464e+01
-1.4247675192594016e+01
1.2347111007156411e+01
-3.6916389173541390e+01
-1.1155172960182274e+01
1.3221313451353263e+01
-3.8390838621585125e+01
-1.6313019267017488e+01
1.0695809948655292e+01
-3.6798935728906699e+01
-1.4844272534947722e+01
1.2319410125750212e+01
-3.6482118628256750e+01
-1.0590545223170402e+01
1.3610610545390676e+01
-3.8486790566200462e+01
-1.3063078097416533e+01
1.2830618220972436e+01
-3.7256265227597190e+01
-1.0021707766596972e+01
9.8432976120855842e-01
-3.3178104756506272e+01
-2.5417648364579994e+00
2.9534769695451573e+00
-2.6775109663093836e+01
9.1218542243957508e+00
1.9204838661648974e+01
-4.8238415154479327e+01
1.2018986828268459e+00
1.8547372871896122e+00
-2.2418618551647423e+01
1.9950940942332107e+00
1.1087162755017912e+00
-2.2105577028097315e+01
2.7069676045481001e+00
7.1561867353036823e-01
-2.2124482061401736e+01
3.8819083648359767e+00
-3.8291361424228515e-01
-2.2563887948409416e+01
1.4222827988079034e+01
1.8980078641679015e+01
-5.2517708668279987e+01
-7.4289551777509164e+00
2.5951079436646629e+00
-3.4861829294227235e+01
-8.4318781552464230e+00
1.6613434456750060e+00
-3.3877950056095202e+01
-6.8744160965409735e+00
1.1982211186182871e+01
-4.2960486666670505e+01
-3.9190560197370938e-02
1.6466618985101920e+01
-4.3885066352526458e+01
-1.3237346978825407e+01
1.2944925967879179e+01
-3.7071309371931598e+01
-2.6762103872433389e+00
-8.2524356182848795e+00
-2.3532362600198148e+01
9.9599922774444085e+00
2.1438082130600048e+01
-4.7167162920193611e+01
-8.7020790689640570e+00
1.3729443012312585e+01
-3.9797011799815998e+01
-8.2618298628365743e+00
1.3694789247392283e+01
-4.0118991765989897e+01
3.4893439321717739e+00
2.8625586961544863e-01
-2.2311370634382250e+01
9.5949045516309017e-01
6.1201437594533747e-01
-2.2218246816816634e+01
2.2347778790975079e+00
-1.6698707725101167e+00
-2.2000806839575674e+01
1.3458334087882189e+01
1.0098177195618389e+01
-3.6489087797243599e+01
5.1827165259678036e+00
-1.0231583397889754e+00
-2.2937421048420930e+01
2.9696687384919156e+00
-8.6934306601631128e-01
-2.2409537295527322e+01
-8.5599031833069272e+00
1.3959656899146712e+01
-3.9762993594908160e+01
-8.5525954062665797e+00
1.3953742753229880e+01
-3.9711091768106293e+01
-7.1209132830919653e-01
1.9082999957417544e+00
-2.3253325453050035e+01
9.1716405204156998e-02
-1.8543561146974481e+00
-2.2332303946316078e+01
2.0291831920098282e+00
1.5167720433020309e+00
-2.2195390207527200e+01
2.0260954069760984e+00
1.5154874722005920e+00
-2.2189276721421884e+01
1.3516137855119100e+01
3.3667494118660004e+00
-3.2096313454345470e+01
1.3517386413684289e+01
3.3712890524604209e+00
-3.2103398656870951e+01
-1.3132752881794746e+01
1.2593080879191280e+01
-3.7410809380902975e+01
-8.4611123516567872e+00
1.4477653612342504e+01
-3.9322369312718138e+01
1.8916017316575180e+00
-2.0330949392038846e+00
-2.2029861610394402e+01
-7.7232997334238593e+00
1.3369949346821461e+01
-4.0795624895268062e+01
-4.8793416721503737e+00
1.2429126440627487e+01
-4.4020746254494263e+01
9.6689027216594226e-01
1.8947293702229899e+01
-4.2451836817693085e+01
-6.6165224118477468e+00
1.6028677170956342e+01
-3.9262239689634889e+01
5.7555610503075327e-01
1.8481136816385327e+01
-4.2612232788509367e+01
-7.0854144151044034e+00
1.3602425292058685e+01
-4.1119577165575770e+01
3.1586053134970413e+00
-8.9300750525191444e-02
-2.2269083682354395e+01
3.8424164513245551e+00
-2.6551853856317464e+00
-2.2106788607980302e+01
7.6344228684564663e-01
-4.4643877501666174e-01
-2.2299210990113458e+01
9.3318750263326189e-01
2.5171789202620448e-01
-2.2176872796059776e+01
-3.4037723122014696e+00
3.0666279999371855e+00
-2.7874664189495398e+01
5.9386773459976467e+00
-2.9200176754240287e-01
-2.3822228518169542e+01
1.4895636918289222e+01
4.1216160306229088e-01
-3.0873930426662728e+01
1.9626503130855824e+00
-3.5675296534143328e+00
-2.1993999056356696e+01
1.2875145535699755e+01
4.7740262646456904e+00
-3.2435183869045048e+01
1.7554187538379538e+00
1.6199461107143670e-01
-2.2077417008584298e+01
2.6897615651620770e+00
-1.0201752488377562e+00
-2.2409982037024932e+01
7.2974373326291742e-01
-3.7247063219842647e-01
-2.2315728790893743e+01
2.3839478216028964e+00
7.0529453545846110e-02
-2.2071176400748644e+01
-6.3604658289442881e-02
2.1947140620705189e-02
-2.2567715113308466e+01
1.5091729771582919e+01
-1.0039256850341560e+00
-3.1339258934997300e+01
2.7220379582972187e+00
2.8360453306527728e-01
-2.2226058509454312e+01
-8.2267751524653328e+00
3.0567096141122989e+00
-3.5370344220224567e+01
-8.7349656987988027e+00
2.9902869449556162e+00
-3.5355519201169031e+01
-8.7909243187808936e+00
3.0009168275169746e+00
-3.5508167873365622e+01
-7.7743822180393192e+00
1.3901361250634709e+01
-4.0389552549409395e+01
-7.5909314405422714e+00
8.8597344182142024e+00
-4.1737115858457962e+01
-7.2280092845426589e+00
7.5995915889847598e+00
-4.0385508471608603e+01
-1.0969147342473248e+01
3.0366489138271686e+00
-3.5277566673462488e+01
-1.1139192664973589e+01
8.0017400293881611e+00
-4.0731186470470234e+01
-9.2528377805363373e+00
1.3178342073658253e+01
-3.9861009900024129e+01
-8.3167102844886038e+00
3.1865856771152687e+00
-3.5528448371991701e+01
-1.3868190605958235e+01
1.0780235014485829e+01
-3.9560443946238770e+01
-1.5231245488764493e+01
1.2118523375922093e+01
-3.6146540276513093e+01
-7.0737529920540902e+00
1.4180035734866021e+01
-4.0673039816311949e+01
-1.5112694009510980e+01
1.1014483089338556e+01
-3.6731263831550557e+01
-7.5012558927207200e+00
1.4431346754136479e+01
-4.0182620997324278e+01
-7.3577979420888830e+00
1.3373412987483031e+01
-4.1167766340900172e+01
-7.1319266021588996e+00
1.4109451739042630e+01
-4.0760230927627184e+01
-8.3873967544223991e+00
1.4092036036649437e+01
-3.9740564956414048e+01
-1.4804749842122160e+00
-2.8177734720382291e-01
-2.3283084885101644e+01
-1.0286442975499369e+01
1.1636805578389129e+01
-4.0516562010211075e+01
-1.2609684211611905e+01
1.2939988605341327e+01
-3.7534195464534122e+01
-1.0110066146610666e+01
1.1198219320622250e+01
-4.1219784218995891e+01
-7.0728589784981546e+00
1.4177839818454556e+01
-4.0681147550471927e+01
-2.4772659091937461e+00
-8.7466368699068138e+00
-2.2884963180263927e+01
-5.4099873895686033e+00
-7.2595242996606695e+00
-2.4434821741992721e+01
-3.2684385480938603e+00
-8.5777255669716492e+00
-2.3097530178880195e+01
-4.0864845000869998e+00
-8.3098466897044698e+00
-2.3370779113087409e+01
-3.4583014040715772e+00
-8.5070929534501758e+00
-2.3164288706754899e+01
8.3018499564610948e-01
3.8901365810130656e-01
-2.2208532898287654e+01
-3.3121346179790017e+00
-8.1751251467438824e+00
-2.3519434731606790e+01
-3.6390548961014004e+00
-8.0782666908731056e+00
-2.3565156791339216e+01
-3.7437526310329634e+00
-8.4635968357289926e+00
-2.3235645445221163e+01
-2.5457085126326420e+00
-3.4854116372770805e+00
-2.4519471822040821e+01
1.1596838219857233e+00
2.2844167887382838e+00
-2.2572082953275608e+01
-3.9319138132528092e-01
-3.8101824926258443e+00
-2.2908008280492293e+01
-9.9194870881243862e+00
1.2732217494967808e+01
-3.9763955740364821e+01
-1.0798704571113525e+01
1.1439579507122202e+01
-3.9853869933858753e+01
-1.1078992490239358e+01
1.1213585153132502e+01
-4.0430344923555062e+01
-2.1602577666770618e+01
2.7824529827045699e+00
-3.4138971740935112e+01
-9.1269297208540472e+00
1.5235112913900636e+01
-3.8069020315546901e+01
-1.2995658974684702e+01
1.0729030567547309e+01
-3.9503998568342432e+01
-6.6311574513630624e+00
1.4795841636873339e+01
-4.0492805443665759e+01
-7.7438854559663373e+00
1.4282813017175121e+01
-4.0079254611971372e+01
-8.3675920567359459e+00
1.3230925306209697e+01
-4.0440527460571488e+01
-8.1572560678443402e+00
1.3983438433446828e+01
-4.0574484257152491e+01
-9.1961779701857207e+00
1.2700742290976178e+01
-4.0293790041454955e+01
-1.5773223361655095e+01
8.0660314951059426e+00
-3.9984202788367519e+01
-7.8443472791375379e+00
1.4361225136168676e+01
-3.9891166688494835e+01
-1.3179997433343493e+01
9.3643652097034895e+00
-4.0926899655712994e+01
-1.0227838492868139e+01
1.1762062102345332e+01
-4.0446607105942512e+01
-1.1952235605203683e+01
1.3136306226545354e+01
-3.7833824740117151e+01
-1.6436525702706497e+01
1.2297786195063876e+01
-3.5096340801611362e+01
-9.7222250395775571e+00
1.1481774978561264e+01
-4.0790571706430356e+01
3.2563139419361442e-01
-3.1302052573532957e-01
-2.2426982434410451e+01
-1.5895104917247112e+01
1.0917781814439087e+01
-3.8216982962498790e+01
-6.9280444022389664e+00
1.3449017769653469e+01
-4.0883976876215151e+01
-1.2219926727825444e+01
1.1907594273855706e+01
-3.8359171797286905e+01
-8.2410830802539845e+00
1.3875439347149021e+01
-3.9993429837812620e+01
1.4765867340594856e+01
4.4313107360304999e-02
-3.1489570044517095e+01
-9.9854297990616985e+00
6.9696181641933226e+00
-3.9580893466314485e+01
-1.2422987827543510e+01
1.4302997540276591e+01
-3.6396185158895001e+01
-1.2456410889425625e+01
1.4112422166445183e+01
-3.6528489838596485e+01
-1.1955037732158100e+01
1.3140504121214597e+01
-3.7841428670261770e+01
-1.1653480057277143e+01
1.1256292722535191e+01
-3.9753954800356745e+01
-9.5242085433256616e+00
1.3793937447134887e+01
-3.9121088807338403e+01
-9.9644529609347234e+00
1.4992140245600741e+01
-3.7643009983264001e+01
-8.4255499401775165e+00
4.0386974427507578e+00
-3.6484543717059502e+01
-9.7060518854126165e+00
7.7563485942299994e+00
-4.0362112455343386e+01
-1.4391227309707586e+01
5.6123745369361400e+00
-3.8466649925159317e+01
-1.3084233380163560e+01
5.5162441722732325e+00
-3.7894978102173383e+01
-1.4151579583980471e+01
4.7967956375225960e+00
-3.7062642501268918e+01
-1.1962712594174150e+01
1.0247943102923836e+01
-4.0635834708502585e+01
-1.3651798114131140e+01
5.0713156479963812e+00
-3.7478351750866771e+01
-1.3128872955167676e+01
5.6813089088019906e+00
-3.8152919728558530e+01
-9.2674422174370719e+00
7.0395518205064436e+00
-3.9613309632631378e+01
-1.2937376481572407e+01
5.1431902421568871e+00
-3.7475435243359058e+01
-1.2085323401391486e+01
1.0647945775701933e+01
-4.0149133528815966e+01
-9.6746660397047215e+00
1.3768864141298618e+01
-3.9016313649945666e+01
-1.4253830112210006e+01
7.1777832107738471e+00
-3.9684606718650869e+01
-1.0451714860126119e+01
1.3606814993509403e+01
-3.8498741658326978e+01
-9.7626155663081295e+00
1.1980140316492840e+01
-4.0595671538374191e+01
-9.5248517883880623e+00
1.3794581467237970e+01
-3.9126691286586713e+01
-1.2398930735923297e+01
1.0004557541712760e+01
-4.0556865369090687e+01
4.9983575482935407e+00
1.1213452539345401e+00
-2.3264997721436576e+01
4.8439106726604306e+00
9.7659733639345425e-01
-2.3120409424761529e+01
5.3815503982112354e+00
1.3950751373916781e-01
-2.3560846488990077e+01
4.3538638648214339e-01
-2.8286651686913817e+00
-2.1693377717036029e+01
7.3061179286711022e+00
1.3142113162081824e+01
-4.6913924557812237e+01
1.4134324351319085e+01
2.6897201686871188e+00
-3.1018188969276679e+01
-8.3577496197094514e-01
2.0754019876488812e+00
-2.3396739770763926e+01
-1.0926134569834745e+00
2.1046574509587486e+00
-2.3646873295711945e+01
3.3723779146116941e+00
1.0511486085175878e+00
-2.2356492322586181e+01
3.5578233667715655e+00
6.2639811089346731e-01
-2.2383683359786183e+01
1.5916061900210747e+00
2.2226127123965056e+00
-2.2458657446953392e+01
5.1385408019030532e+00
-1.1447714427496096e+00
-2.2877222048505146e+01
2.8452300473776262e+00
1.5626538848780806e+01
-4.7058631453482043e+01
-5.7281291893546706e+00
1.3561023814796464e+01
-4.2617564384327494e+01
-8.0721116152188639e+00
1.3295604251809804e+01
-4.0885103711297106e+01
-1.3042839305806268e+01
5.2439238869895446e+00
-3.7573780815395629e+01
-8.6706932172567335e+00
6.5890135043041411e+00
-3.9122840010303513e+01
6.0230099032308697e+00
1.2862990983963661e+01
-4.6567045283201502e+01
9.0022935862329998e+00
1.2473294707020552e+01
-4.6274660126543175e+01
9.0022935862329998e+00
1.2473294707020552e+01
-4.6274660126543175e+01
6.5548683666322409e+00
1.3262181833787722e+01
-4.7026958564819715e+01
3.3272482573416755e+00
1.6213271396580204e+01
-4.6833254542203626e+01
9.0444657449220589e+00
1.8581103739508393e+01
-4.8828304093887112e+01
3.0326575403327043e+00
1.5054851859403300e+01
-4.7824167505056785e+01
4.2023229269933617e+00
1.6869611407287781e+01
-4.6744768498634329e+01
1.7979820476032954e-01
1.5238960973621380e+01
-4.5315697491101972e+01
-6.8409236557378827e+00
1.5771155984169836e+01
-3.9306661746382609e+01
-5.4325168216905988e+00
1.5231029353974842e+01
-4.0986518211670415e+01
-6.6382123359102803e+00
1.3736963351169363e+01
-4.1375403977904057e+01
-2.7784765862515539e+00
1.6526188153543018e+01
-4.1792562220531245e+01
-4.5841573292168931e+00
1.4330320130175513e+01
-4.2526019983452954e+01
2.2826791431854700e+00
1.9435125363545684e+01
-4.3157509971845677e+01
1.1479125426952548e+00
1.9551785378868836e+01
-4.2076141775068429e+01
3.6477870094259370e+00
1.5623371384497238e+01
-4.7552855292219071e+01
2.5711073699239351e+00
1.6010220614665567e+01
-4.6040324986296923e+01
-1.0585821172984916e+01
1.2353782941673005e+01
-3.9598771178362419e+01
-1.1215543066801580e+01
1.0647588449890014e+01
-4.0784873790465056e+01
-1.9784711439115430e+00
9.2914060817515782e+00
-4.2354310953099656e+01
-3.3975449477633846e+00
-6.8983678713194696e-01
-2.3705612730280915e+01
-3.1303457742662792e+00
-8.0068653819947999e-01
-2.3625415834344189e+01
-3.2491467888388086e+00
-8.2877418968966872e+00
-2.3399307871801074e+01
1.3148610754112514e-01
-1.5535812115554554e-01
-2.2475145839859788e+01
1.0053812788023637e+00
1.6177079006571280e+00
-2.2329941516078804e+01
4.8395279701967322e+00
-2.3696247871506646e+00
-2.2481658129436482e+01
-6.4643645887170704e+00
1.4273768404452342e+01
-4.1068901781634473e+01
-5.3649851360680134e-01
1.6429820449864991e+01
-4.3651980459371380e+01
8.4564156490507738e+00
1.9140357543227818e+01
-4.6508595796404848e+01
3.5435446248368789e+00
2.6102826680971494e+00
-2.3065152419019121e+01
2.2293855924432195e+00
2.7568464627917393e-02
-2.2103624222222674e+01
3.4432201862494636e+00
-3.4256211182284647e-02
-2.2339355723565586e+01
2.7858075757538514e+00
-2.1353838864091634e+00
-2.2178438886070950e+01
4.6918816017547682e+00
-3.3613857703860726e+00
-2.2700984299246706e+01
4.6918816017547682e+00
-3.3613857703860726e+00
-2.2700984299246706e+01
3.4745489552949889e+00
2.4380744031479806e+00
-2.2961963350385187e+01
1.9768481973549714e+00
2.5048044927736251e-02
-2.2074757072680349e+01
8.7226372671840424e-01
-6.9629622952087911e-02
-2.2203901054812182e+01
1.8512923456648174e+00
-3.8936410279731853e-01
-2.2130002548665409e+01
2.8526895233773684e+00
-7.4873570224834474e-01
-2.2351947714206549e+01
2.5412914519789158e+00
-9.8648481425638301e-01
-2.2394983002476977e+01
-6.2312194499041906e-01
-2.7834421705009214e+00
-2.2030321474134670e+01
1.7636615560478119e+00
-3.8295811305166634e+00
-2.2228288984771531e+01
6.1047081220098951e+00
-5.5607413313521645e+00
-2.4264494727277459e+01
1.0615631616982377e+00
-2.9745620170988727e+00
-2.1548082262960033e+01
1.3381170343362731e+01
1.9985980741100697e+01
-5.0933126696611474e+01
4.4455216385657197e+00
1.7154379277909062e+01
-4.5996012008664252e+01
-4.3017730525601722e-01
-3.8508699551509715e+00
-2.2925675603357746e+01
-1.2204297061539648e+01
1.0655575003988444e+01
-4.0013976121955324e+01
4.9678621164505848e-01
-8.7068987319058100e-01
-2.2497726686416563e+01
2.6316876574548603e-01
4.1764124282031051e-01
-2.2378604919131220e+01
2.3547523146653169e+00
-3.7471882474535245e-01
-2.2196209996432032e+01
-9.8012319182599406e+00
3.3403039044855860e+00
-3.5825330459646764e+01
-1.2297047836904770e+01
1.0514230880511573e+01
-4.0032635319452318e+01
-1.1933991199479495e+01
1.0660953267923265e+01
-4.0253267836201957e+01
-1.2291296494892377e+01
1.1085407765436045e+01
-3.9374597317325211e+01
-1.1754018649350890e+01
1.0407462465642585e+01
-4.0629426879235247e+01
-1.1785412007212985e+01
1.0726710343280200e+01
-4.0279891064867378e+01
-1.0086210416702158e+01
1.4013884012554129e+01
-3.8510992270311398e+01
-1.4888140636238798e+01
1.3108189477514676e+01
-3.5730755063693479e+01
-8.1179582708658895e+00
1.4121375038998352e+01
-4.2304916146292641e+01
-5.7292793495498762e+00
1.3547558899445932e+01
-4.2609949330454796e+01
5.9765014086831894e+00
1.5583671428058976e+01
-4.9179674144774921e+01
6.8875542980905538e+00
1.6077918424964217e+01
-4.9699896251539904e+01
1.3108536660297386e+01
1.2079416966057835e+01
-3.5997477914355350e+01
8.5185200303936082e+00
1.7579639841036062e+01
-4.9532383356406065e+01
1.1833518020895673e+01
1.8463934568745170e+01
-5.1191012600961265e+01
2.1511208978011824e+00
-1.0816097007980532e+00
-2.2366522833474185e+01
3.9547505868001531e+00
-5.1514790617897288e-01
-2.2599327119213623e+01
2.1401704670796886e+00
2.1191994612204210e+00
-2.2429119033733492e+01
2.3298303400889151e+00
-1.1018397159739941e+00
-2.2396620667996505e+01
9.1745085117730263e-01
-2.8921773878002983e+00
-2.1624576030432173e+01
1.3724204958082298e+01
2.8909024640970942e+00
-3.1829864051431553e+01
3.6159046743192644e+00
-6.6072958087272848e-01
-2.2515227659091579e+01
5.6632152321666824e+00
-2.3404172947425765e+00
-2.2584600326523340e+01
4.7195057714475581e+00
-2.3652111749094069e+00
-2.2468671829108875e+01
-7.2732673722694249e-02
-3.5213264113841398e+00
-2.2486369115405303e+01
1.4933018899865087e+00
1.4918295157432253e+00
-2.2227467854071225e+01
1.4316588836856045e+01
2.4252265970034532e+00
-3.0775633286936134e+01
1.0541414164013521e+00
-1.9818608417552144e+00
-2.2083187442438312e+01
3.5172749641098346e+00
-7.3888781149907146e-01
-2.2508450745006037e+01
2.4413692435474754e+00
1.8150729827484142e+01
-4.4359724054281010e+01
2.3513580078325806e+00
-8.6357681116242957e-01
-2.2310593944425680e+01
3.3022643054872685e+00
-1.0346467958883858e+00
-2.2566457001263199e+01
1.3669945523972716e+01
3.5759020310292819e+00
-3.1431514818576833e+01
1.5136779991206874e+01
-4.7512080766207287e-01
-3.0988954054692300e+01
2.2875323716955220e+00
-1.0547180099116038e+00
-2.2368326398197041e+01
1.8219897423902760e+00
-7.6196429895293050e-01
-2.2252676451875132e+01
1.5364594217137443e+01
-1.7628230178594375e+00
-3.1199319340456974e+01
1.3833705617938369e+01
3.9836915491967746e+00
-3.0774259305504760e+01
3.6192308759986682e+00
9.7967175814275342e-01
-2.2431411703848564e+01
4.8790400352214798e+00
-4.1971362259603229e+00
-2.3696536288977590e+01
2.8630740854807519e+00
-6.9014591726604890e-01
-2.2318309685459305e+01
1.1036438776306287e+01
2.0858115588420368e+01
-4.8423949537443420e+01
1.3835179370784740e+01
3.9842974977194934e+00
-3.0776184544966060e+01
8.0137809261951531e+00
1.7449592564147345e+01
-4.9474697909943963e+01
2.9452285321617593e+00
-3.2843316531847084e+00
-2.1805728906834251e+01
6.5978631358202584e+00
1.6697564072558954e+01
-4.8965796374114063e+01
1.2519272192975398e+01
1.8906296404454821e+01
-5.1288263370279488e+01
1.2476843060858275e+01
2.0422890800834516e+01
-4.9784820382087823e+01
1.2624221558060839e+01
1.9673591836925329e+01
-5.0681061896601882e+01
1.5236726292683317e+01
-1.5388018130633916e+00
-3.1194683829811673e+01
2.7669813170149151e+00
-2.0848730135452080e+00
-2.2149410694394273e+01
2.4936435648212556e+00
-3.2784889132973083e-01
-2.2153067099058742e+01
1.2841690374609666e+01
2.1036076594147410e+01
-4.9409898657305781e+01
1.1762152100502526e+01
2.1211109163122526e+01
-4.8565003733640843e+01
1.2561310243562312e+01
1.9850038255880985e+01
-5.0373789988146122e+01
1.6800263925638179e+00
-1.9566842715238772e+00
-2.1989113224220468e+01
2.9838033834689903e+00
-5.1336321632391180e-01
-2.2279494687439396e+01
1.2949911477627911e+01
1.0488565604780831e+01
-3.7469235583738104e+01
1.2942861130253066e+01
5.4768111197087839e+00
-3.1873387844020137e+01
1.1114069957638042e+00
-1.0536425534136642e+00
-2.2394425866871426e+01
4.3116228100964502e+00
-2.5978214270227631e+00
-2.2167586643602938e+01
3.2267347143382885e+00
-2.6500191285934904e-01
-2.2293248858604304e+01
1.3088485881637531e+01
1.2187367213748370e+01
-3.6018656886353298e+01
1.5247887437582607e+01
-1.1960719783518694e+00
-3.1219090156151129e+01
1.3017329361803435e+01
1.0317540398240221e+01
-3.7354059039313881e+01
1.3586305658301931e+00
-5.9770084915359944e-01
-2.2228247408457818e+01
6.5377133679725641e-01
-1.8717012412622480e+00
-2.2132199789708004e+01
3.3904538837559217e+00
-9.8339976404109741e-01
-2.2564469459734649e+01
1.1113725830979935e+00
-1.0542337220474609e+00
-2.2394856850462940e+01
1.1896197008441185e+01
2.0965227290571971e+01
-4.8868520278043810e+01
1.3158896906815809e+01
5.7715999525928421e+00
-3.1053392225936861e+01
3.4638169176637010e+00
-5.0823186692917544e-01
-2.2426231832423333e+01
1.3059088973893811e+01
1.0228716027072327e+01
-3.7397986449820877e+01
3.9857301094185842e+00
-2.6844740558009490e+00
-2.2060427756638020e+01
7.7917725876294206e+00
1.6911893784967759e+01
-4.9666306869741682e+01
1.3905449734513502e+01
3.2250931346065972e+00
-3.1176027351953948e+01
6.3934643409362932e+00
1.7014047856706799e+01
-3.8052290166229916e+01
-2.3063316022820119e+00
3.2546611171500857e+00
-2.7107383012267409e+01
-3.7426397449908910e-01
-2.4493718002226070e+00
-2.2051834963190977e+01
-1.8764997074136236e+00
-1.7173584402506323e+00
-2.2705675612577398e+01
3.0554819001555948e+00
-4.1226057519402204e+00
-2.2614755085106573e+01
1.3060775849569675e+01
6.7920320499280189e+00
-3.0909581314082448e+01
-2.5343312072859776e+00
1.0634949696025622e+00
-2.4685659904849292e+01
-1.5998156417702633e-01
-1.0568995209364180e+00
-2.2521521728479659e+01
1.0887785370227387e+00
-2.0797862758749290e+00
-2.2107329036118401e+01
-8.1981837332277441e-01
-2.4799493144272526e+00
-2.1932165144130458e+01
2.8017537450353456e+00
-5.1993338042810384e+00
-2.3580990850068712e+01
