16 6 52
0 0 -3.859900e+02 3.871200e+02
1 0 -3.844000e+01 4.921200e+02
2 0 -6.679200e+02 1.231100e+02
7 0 -5.991800e+02 4.079300e+02
12 0 -7.204300e+02 3.143400e+02
13 0 -1.151300e+02 5.548999e+01
0 1 3.838800e+02 -1.529999e+01
1 1 5.597500e+02 -1.061500e+02
10 1 3.531899e+02 1.649500e+02
0 2 5.915500e+02 1.364400e+02
1 2 8.638600e+02 -2.346997e+01
2 2 4.947200e+02 1.125200e+02
6 2 4.087800e+02 2.846700e+02
7 2 4.246100e+02 3.101700e+02
9 2 2.848900e+02 1.928900e+02
10 2 5.826200e+02 3.637200e+02
12 2 4.940601e+02 2.939500e+02
13 2 7.968300e+02 -7.853003e+01
15 2 7.798900e+02 4.082500e+02
0 3 5.925000e+02 1.257500e+02
1 3 8.610800e+02 -3.521997e+01
2 3 4.985400e+02 1.015600e+02
6 3 4.123100e+02 2.729200e+02
7 3 4.267300e+02 2.995900e+02
8 3 4.683800e+02 5.512000e+01
9 3 2.879500e+02 1.839400e+02
10 3 5.840500e+02 3.509700e+02
12 3 4.973199e+02 2.825100e+02
15 3 7.819500e+02 3.932600e+02
0 4 3.487200e+02 5.583800e+02
1 4 7.760300e+02 4.835300e+02
2 4 7.780029e+00 3.263500e+02
3 4 -1.372400e+02 -7.799988e+00
5 4 7.500699e+02 -7.871997e+01
6 4 -1.160900e+02 6.642200e+02
8 4 8.704999e+01 2.563100e+02
9 4 -1.471900e+02 3.578000e+02
11 4 4.569200e+02 -1.971600e+02
13 4 4.635800e+02 2.410300e+02
14 4 6.482500e+02 -1.595700e+02
0 5 1.401001e+01 9.642001e+01
1 5 2.071300e+02 1.183600e+02
3 5 1.859003e+01 -2.068000e+02
4 5 -2.095300e+02 -4.217600e+02
5 5 6.350900e+02 -5.616200e+02
6 5 -6.738000e+01 1.258300e+02
7 5 -9.081000e+01 2.093600e+02
8 5 1.251800e+02 4.523999e+01
9 5 -2.071997e+01 1.799200e+02
10 5 -8.720001e+01 2.550200e+02
13 5 3.672600e+02 -1.403400e+02
15 5 -2.814001e+01 2.705200e+02
-1.6943983532198115e-02
1.1171804676513932e-02
2.4643508831711991e-03
7.3030995682610689e-01
-2.6490818471043420e-01
-1.7127892627337182e+00
1.4868959788591114e+03
-1.7576542271743573e-01
1.6604259214585748e-01
1.5049725341485708e-02
-1.8504564785154357e-01
-2.9278402790141456e-01
-1.0590476152349551e+00
-3.6017862414345798e-02
-1.5720340175803784e+00
1.4966611862657248e+03
-1.8003276446947777e-01
1.6856886266236740e-01
-3.0793597986873011e-01
3.2077907982952031e-01
2.2253985096991455e-01
8.5034483295909009e+00
6.7499603629668741e+00
-3.6383814384447088e+00
1.7205430704844712e+03
-2.4133642693900254e-01
2.4760102250586929e-01
-5.0745844824357222e-01
4.5303458110886097e-01
2.2317202418459384e-01
9.1306864710351512e+00
5.9515833258622060e+00
-7.6457709870603523e+00
1.7387749297535256e+03
-1.6500233797805011e-01
2.4586954755569851e-01
-5.4190895666684902e-01
1.5526677008664553e-02
-1.6877622388014260e+00
5.1389661257507346e-01
-3.9361473252571764e+00
1.8563465078437710e-01
8.2338627082300866e+02
9.6901084569753267e-03
-1.0448871213242424e-02
-4.6199749901824139e-01
-1.3462678449565035e-01
-2.7655989910677667e-03
6.7036162401353909e+00
-5.6950053120212196e-01
-2.5772976969377024e+00
1.7413085224175736e+03
-1.5449419232673944e-01
2.0152766388171611e-01
-8.3522103675774007e-02
3.1271352334539093e-01
2.9408525721888279e-01
6.2819486572771588e+00
2.3896130273141107e+00
-5.1263805197250427e+00
2.0692980052270968e+03
-8.5489266792743407e-02
9.5527073707201302e-02
1.9560326962733694e-02
1.4581340754881897e-01
1.7225925889972585e-01
2.3258419016619349e+00
1.0874497756865391e+00
-8.8330321074721019e-01
1.4641807529401167e+03
-1.6406442686853581e-01
1.2586858226187667e-01
-3.0426031970123302e-01
2.4306062967665967e-01
1.9921491985566070e-01
7.5686772770161372e+00
5.6697767062140612e+00
-2.7534424108541034e+00
1.3688255762567292e+03
-2.2580746886655279e-01
2.6158322548061830e-01
-2.4718370286368840e-01
4.1250983665351643e-01
3.2258686917584084e-01
8.3906521818774866e+00
7.6356324882750588e+00
-4.0393146074189934e+00
1.5026386747731312e+03
-1.6961987509523330e-01
2.0314941224154434e-01
7.4075332554964304e-02
5.9446011231445044e-02
9.6119588739598152e-02
5.9440613097427708e-01
-1.4752921963904655e-01
-1.1034534058507917e+00
1.6834539236010028e+03
-6.6065030807708147e-02
3.4510352045766524e-02
-5.5851768691647696e-01
-1.2167381494725156e-01
1.3881817493742199e-02
1.6460164136564166e-02
-1.3201099561474590e+00
-1.6817742630030383e+00
1.3297321094554668e+03
-1.5553204296006035e-01
1.2588307665891502e-01
-9.5387279002022610e-02
1.9945484628981378e-01
2.3854411140028939e-01
4.2154041550066710e+00
2.9170530103473862e+00
-8.6454120224582920e-01
1.7192377856535036e+03
-1.5722142362517005e-01
1.0088351218428904e-01
-2.4777543527755438e-01
-5.6493283071549855e-02
7.3454943551223492e-02
6.0519868979469198e+00
4.4157699447496307e-01
-3.4019703341060392e+00
1.3965866226223163e+03
-9.9995408874437197e-02
3.7854552300704294e-02
-5.2302816650376893e-01
-9.7422865121392060e-02
2.5749828963323750e-02
5.9851423763289127e+00
-5.9280499357722183e-01
-2.3806835984882517e+00
1.6823376954141875e+03
-8.3895610860328027e-02
2.1171377006959504e-02
5.1148629137208801e-02
4.8788101061955271e-03
1.0306485524990512e-01
3.0650512995840401e-01
-4.2021910347109205e-02
-1.3305700705714003e+00
1.9906258961870381e+03
-4.1549342441320115e-02
-4.8461308685397622e-02
-1.2055995050700867e+01
1.2838775976205760e+01
-4.1099369264082803e+01
6.4168905904672933e+00
3.8897031177598462e-01
-2.3586282709150449e+01
1.3051100355717297e+01
3.8387587111611952e+00
-2.9777932175344951e+01
1.3060946673472820e+01
3.5910521225905803e+00
-2.9759080795372942e+01
1.4265764475421857e+01
2.4096216156436530e+01
-5.4823971067225500e+01
-2.5292283211391348e-01
2.2166082122808284e+00
-2.1712127480255084e+01
