-1.5986593373002286e-02
1.0042456152930790e-02
2.8587601355627556e-03
6.9296773762918018e-01
-2.9900121858057666e-01
-1.7713617090879648e+00
1.5107711540717191e+03
-4.9972197200096624e-01
5.1099729734344146e-01
1.6265448866858823e-02
-1.8750351229801271e-01
-2.9251493095712211e-01
-1.1610616521623907e+00
-5.8053688304336645e-02
-1.4021782514633054e+00
1.4174593942341432e+03
-3.0416440369461178e-01
3.3297581205180748e-01
-3.0951282874608266e-01
3.2036050369029007e-01
2.2112511060994691e-01
8.4467214661271761e+00
6.7862093360228259e+00
-3.6840547501466370e+00
1.5921249297674872e+03
1.5874830112764501e-01
-1.5797547132113838e+00
-5.0715600638536773e-01
4.5338993552563006e-01
2.2268438143308111e-01
9.1358766278628085e+00
5.9184575000108435e+00
-7.6388498770019320e+00
1.5826792343731188e+03
-1.0091322399811520e+00
-8.5365346732183866e+01
-5.4102469654053120e-01
1.5191400005746631e-02
-1.6877622388014260e+00
5.1390215767545777e-01
-3.9363316432248192e+00
1.8424219453281848e-01
8.1041756840644803e+02
3.3823383511598138e-03
1.0118013162315510e-02
-4.6246994674329645e-01
-1.3477105436607603e-01
-2.8328517351492882e-03
6.7038660288699443e+00
-5.6267506852850802e-01
-2.5783830493766962e+00
1.5966815769582954e+03
-5.2961099431114433e-02
-1.3934597711198343e-01
-8.2182459728904311e-02
3.1509086036156642e-01
2.9088058427996294e-01
6.3793011890957239e+00
2.3646590498400673e+00
-4.9059724537579816e+00
1.8286020402354413e+03
-3.6830523555631817e-01
1.5121282602675172e+00
1.9613321807490747e-02
1.5079269626138961e-01
1.6962249859756964e-01
2.4032452058965283e+00
1.0945397014614968e+00
-1.1821113991897585e+00
1.4466071578520393e+03
3.1242638687467011e-01
-1.8221776493628952e+00
-3.0351311110263246e-01
2.4298119919465683e-01
1.9655018360397772e-01
7.5784270518426293e+00
5.6739662836298228e+00
-2.6566014824346622e+00
1.2329390385601714e+03
-5.2771774190170907e-02
2.2731944513366295e-01
-2.4615888946263512e-01
4.1501541142844040e-01
3.1491690688816715e-01
8.6074776944390408e+00
7.6691186452912721e+00
-3.1829303103489419e+00
1.1890498290927260e+03
5.7577720923550224e-01
-4.4833324346704542e+00
8.2276899988503613e-02
5.3110162256544663e-02
9.3894017433720764e-02
4.6319040917366044e-01
-3.4586291202319208e-01
-8.7069008387478108e-01
1.5345469204293067e+03
-4.4836371198091107e-01
1.0619094497183106e+00
-5.5831932999654876e-01
-1.2068877839613835e-01
1.3881817493742199e-02
1.5575696028595196e-02
-1.3199611024518534e+00
-1.6819467664356662e+00
1.2970473794219965e+03
-1.7324781852123404e-02
-1.1258575739653739e-01
1.3713886250022761e-02
2.1061028484546532e-01
2.6975503112410310e-01
5.3063069028273047e+00
-6.0667961542328608e-01
-2.1338905957247665e+00
1.5479457340116192e+03
4.6728535488172858e-02
1.0581149080074725e+00
-2.4848726743350483e-01
-5.6497168923407608e-02
7.2705425516112504e-02
6.0322367114687614e+00
4.8086137427253955e-01
-3.3347330205200549e+00
1.3123561807680983e+03
-7.4309970770366690e-02
-1.5846396474932917e-01
-5.2311026782836667e-01
-9.6552965429146959e-02
2.5749828963323750e-02
5.9841274204675079e+00
-5.9336088055354530e-01
-2.3832084287940418e+00
1.5582497411332920e+03
-1.9073894231985147e-02
-1.0033688066503052e-01
5.5715757328114200e-02
4.0107982649605651e-03
1.0051975971412822e-01
2.8295370571659034e-01
-1.3958949109608476e-01
-1.3324607781042435e+00
1.8859232316373391e+03
-1.1604543001015979e-02
-1.2821522417896952e-01
-1.2018504696377917e+01
1.2823644271489467e+01
-4.1097541701018024e+01
6.5167312540897431e+00
4.0206452777749069e-01
-2.3870853067124472e+01
1.3175271064979770e+01
3.8744575973232434e+00
-2.9936363607020049e+01
1.3187438841210835e+01
3.6258062272397686e+00
-2.9924354148187387e+01
1.4390082529584243e+01
2.4304606922883572e+01
-5.5141962581690080e+01
-2.5301306314205185e-01
2.2231433570930594e+00
-2.1717718863788512e+01
