-1.7968135634146620e-02
9.2662447724576149e-04
9.9477228161471420e-03
6.5475451909844928e-01
-2.1908268110379589e-01
-2.7347696758585549e+00
1.5107711540717191e+03
-4.9972197200096624e-01
5.1099729734344146e-01
1.4638025302395276e-02
-2.0287626097310288e-01
-2.8698882455921504e-01
-1.3572527714049798e+00
2.9687216442506648e-02
-1.2942372842298546e+00
1.4174593942341432e+03
-3.0416440369461178e-01
3.3297581205180748e-01
-3.1778313650184764e-01
2.9892999560520234e-01
2.2963922320308602e-01
7.5117342833817755e+00
6.8403972802003024e+00
-3.9955518589494701e+00
1.5921249297674872e+03
1.5874830112764501e-01
-1.5797547132113838e+00
-5.0510651687323971e-01
4.3621509455693797e-01
3.3047040434079777e-01
8.5255689782181836e+00
5.7618650848882069e+00
-1.1284541545613347e+01
1.5826792343731188e+03
-1.0091322399811520e+00
-8.5365346732183866e+01
-5.4016473024605594e-01
1.2688552479415662e-02
-1.6848571575917843e+00
5.6466922849282153e-01
-3.9751730394293427e+00
7.1487512765791239e-02
8.1041756840644803e+02
3.3823383511598138e-03
1.0118013162315510e-02
-4.7088523806819144e-01
-1.3165220615713152e-01
-9.7287194148666847e-03
7.0548283447050606e+00
-4.5334836500127174e-01
-2.9137180909541063e+00
1.5966815769582954e+03
-5.2961099431114433e-02
-1.3934597711198343e-01
-7.6060144011783654e-02
3.2498996553695042e-01
2.8232070577757051e-01
6.6846643844436757e+00
2.3747374881366814e+00
-5.1143726620483161e+00
1.8286020402354413e+03
-3.6830523555631817e-01
1.5121282602675172e+00
1.4203392299579041e-02
1.6817490419918499e-01
1.6303460577986917e-01
2.9413566433792311e+00
1.4795319953842465e+00
-3.3546511958789265e+00
1.4466071578520393e+03
3.1242638687467011e-01
-1.8221776493628952e+00
-3.0432945873782125e-01
2.4766129888851551e-01
1.8197985486593321e-01
7.9240914617231644e+00
5.8298051461601759e+00
-3.3406464260077646e+00
1.2329390385601714e+03
-5.2771774190170907e-02
2.2731944513366295e-01
-2.3496311491108637e-01
4.3496096376173865e-01
2.8300814226168575e-01
8.9840358620424325e+00
7.4018381604790529e+00
-1.2405611595884842e+00
1.1890498290927260e+03
5.7577720923550224e-01
-4.4833324346704542e+00
9.7313323442961105e-02
4.4794585464479342e-02
1.0343590797551185e-01
4.0300499688571206e-01
-6.9507017701892870e-01
2.9868187025531395e-01
1.5345469204293067e+03
-4.4836371198091107e-01
1.0619094497183106e+00
-5.5985779483590759e-01
-1.1960587090778529e-01
7.8834770094414301e-03
-1.2911128794589879e-01
-1.4881840783992539e+00
-1.9772720203286089e+00
1.2970473794219965e+03
-1.7324781852123404e-02
-1.1258575739653739e-01
-9.6702784331078651e-02
1.8779892439733648e-01
2.6031296595507586e-01
4.2676779486164556e+00
2.9807210561485284e+00
-2.3383720157045342e+00
1.5479457340116192e+03
4.6728535488172858e-02
1.0581149080074725e+00
-2.6094289980890883e-01
-5.4620276812595729e-02
7.4913977931342524e-02
6.2633689640917076e+00
7.8051986721746403e-01
-3.5835105216023688e+00
1.3123561807680983e+03
-7.4309970770366690e-02
-1.5846396474932917e-01
-5.2498438309890039e-01
-9.5857275300793993e-02
2.0105130263735820e-02
5.8615189811386772e+00
-7.9778111021989351e-01
-2.5994834895932653e+00
1.5582497411332920e+03
-1.9073894231985147e-02
-1.0033688066503052e-01
5.3201203299185026e-02
3.1438103802895051e-03
1.0505373503233149e-01
3.6437405618097490e-01
2.0388702334738159e-02
-1.5176609061952813e+00
1.8859232316373391e+03
-1.1604543001015979e-02
-1.2821522417896952e-01
-1.1930288866349144e+01
1.2469125807950999e+01
-3.8866871122132828e+01
6.6997268173425653e+00
3.1917782262742439e-01
-2.5051742649134344e+01
1.3138407637393817e+01
3.7846345036286233e+00
-2.9602286420920990e+01
1.3191425161710752e+01
3.5424963911995868e+00
-2.9689734383117607e+01
1.4552608948796566e+01
2.4850599116923757e+01
-5.5514259098613159e+01
-3.4473618381891413e-01
2.2034849324307499e+00
-2.1813803549723612e+01
