-1.7979202813231440e-02
1.4615918637148099e-03
1.0325152184986636e-02
6.2041933748690381e-01
-2.2226131541475189e-01
-2.7639013652122131e+00
1.5107711540717191e+03
-4.9972197200096624e-01
5.1099729734344146e-01
1.4592705739852588e-02
-2.0363529847982415e-01
-2.8739752818439579e-01
-1.3191463053864809e+00
2.7583038250578069e-02
-1.3154344239170250e+00
1.4174593942341432e+03
-3.0416440369461178e-01
3.3297581205180748e-01
-3.1906613848630733e-01
3.0039934793488787e-01
2.3093726314633578e-01
7.4410193857903923e+00
6.7904761921096153e+00
-4.0906033020939381e+00
1.5921249297674872e+03
1.5874830112764501e-01
-1.5797547132113838e+00
-5.0184995847386571e-01
4.1980594243736385e-01
3.7870787592045857e-01
8.1887666288146228e+00
5.4207302291335999e+00
-1.4397483762372421e+01
1.5826792343731188e+03
-1.0091322399811520e+00
-8.5365346732183866e+01
-5.4245111407976376e-01
1.8259808417740331e-02
-1.6919261196279518e+00
4.7003863794189099e-01
-3.8916846380463856e+00
2.1833963706869769e-01
8.1041756840644803e+02
3.3823383511598138e-03
1.0118013162315510e-02
-4.7032101045322450e-01
-1.3111736542628022e-01
-8.4114970447946909e-03
7.0388748651987756e+00
-4.5574213764288868e-01
-2.8936958706842022e+00
1.5966815769582954e+03
-5.2961099431114433e-02
-1.3934597711198343e-01
-7.6006079646354960e-02
3.2522154605664749e-01
2.8567956416604806e-01
6.6679781015291750e+00
2.3734970217124141e+00
-5.0219099214167766e+00
1.8286020402354413e+03
-3.6830523555631817e-01
1.5121282602675172e+00
1.2715427982711216e-02
1.7011376644421553e-01
1.7288533615933399e-01
2.8441021106233237e+00
1.4324511859340323e+00
-3.3079273541036089e+00
1.4466071578520393e+03
3.1242638687467011e-01
-1.8221776493628952e+00
-3.0445724306360128e-01
2.4863120846531456e-01
1.8675388852178496e-01
7.8990382702698678e+00
5.8160262042390469e+00
-3.2915145107045252e+00
1.2329390385601714e+03
-5.2771774190170907e-02
2.2731944513366295e-01
-2.3599776533866978e-01
4.3495263126795025e-01
2.8583617305168313e-01
8.9480442578264014e+00
7.2909385657029011e+00
-1.3943351523887351e+00
1.1890498290927260e+03
5.7577720923550224e-01
-4.4833324346704542e+00
9.8522280600845849e-02
4.3786027631396336e-02
1.0195406157061029e-01
4.4129864874803332e-01
-6.5334574180095384e-01
3.3452199398364985e-01
1.5345469204293067e+03
-4.4836371198091107e-01
1.0619094497183106e+00
-5.5895946450141165e-01
-1.1909322121547154e-01
9.4633838208178795e-03
-1.5279470388104438e-01
-1.4734567943491734e+00
-2.1221695253680370e+00
1.2970473794219965e+03
-1.7324781852123404e-02
-1.1258575739653739e-01
-9.7008016840019057e-02
1.8878473616198291e-01
2.5726335009474305e-01
4.2481301749914886e+00
2.9558590008589438e+00
-2.2773973859913310e+00
1.5479457340116192e+03
4.6728535488172858e-02
1.0581149080074725e+00
-2.6056561711838772e-01
-5.4588896832105230e-02
7.5711472127430957e-02
6.2407092492296679e+00
7.8234835625458610e-01
-3.5987664810752129e+00
1.3123561807680983e+03
-7.4309970770366690e-02
-1.5846396474932917e-01
-5.2408505203983935e-01
-9.5417568357264698e-02
2.1841758819680448e-02
5.8360554671876788e+00
-7.6550305142705155e-01
-2.7124338315777878e+00
1.5582497411332920e+03
-1.9073894231985147e-02
-1.0033688066503052e-01
5.3470406838333422e-02
2.9085587847199681e-03
1.0584837269008016e-01
3.6840488248732173e-01
2.4733566447364342e-02
-1.4809383303189543e+00
1.8859232316373391e+03
-1.1604543001015979e-02
-1.2821522417896952e-01
-1.1899084294411297e+01
1.2473606306757645e+01
-3.8947772244503334e+01
6.7400401115921467e+00
3.4026755681817589e-01
-2.4900862675542690e+01
1.3152231560675588e+01
3.7964020014857862e+00
-2.9571422171244240e+01
1.3204187739868882e+01
3.5547923715804810e+00
-2.9655520229556721e+01
1.4592296126017740e+01
2.4802153161078934e+01
-5.5497950528425605e+01
-3.7153970618354271e-01
2.1886227950439658e+00
-2.1903786375386225e+01
