-2.2303745063126899e-02
8.5987238942554240e-03
7.3417446604615117e-03
7.3953337150355669e-01
-1.9899240306760313e-01
-2.4066400032582318e+00
1.4929088555134915e+03
-1.8706933499895623e-01
1.9544640009612849e-01
7.5686532592278968e-03
-1.8319698157412012e-01
-2.8467261467604266e-01
-9.8560357933425702e-01
2.8293378541057058e-03
-2.3268089211900858e+00
1.5007080581999148e+03
-1.8155600597935889e-01
1.7482677730184010e-01
-3.1008063726090057e-01
3.0690689092236828e-01
2.3022080398006395e-01
8.1164614203621390e+00
6.7174442186410177e+00
-5.2340793044284348e+00
1.7219538473385815e+03
-2.3274925746506309e-01
1.9433647710105684e-01
-4.9391353922211773e-01
4.2387815305420096e-01
2.4864261136179322e-01
8.4685622939023411e+00
5.8656139040917932e+00
-9.1209700732684915e+00
1.7398659607320758e+03
-1.5718369313431119e-01
2.2105346058087072e-01
-5.1472938458074058e-01
2.0749445635968734e-02
-1.6968321027690401e+00
2.2787849714346295e-01
-4.1790284846183425e+00
-2.4834043297324715e-01
8.2242346287213559e+02
1.0390859142767888e-02
-9.7202121095788865e-03
-4.3910211871997729e-01
-1.1220226223576561e-01
1.1527172276471820e-02
7.2050759326320941e+00
-1.1015344783959400e+00
-5.6529673990999072e+00
1.7416111948507539e+03
-1.5193823537182910e-01
1.9187894238242698e-01
-9.6994829439070257e-02
3.0323467724171177e-01
2.8728650060107830e-01
6.1796369640336035e+00
2.6179087859349917e+00
-8.2617113480985527e+00
2.0700796589167057e+03
-6.4594701378732022e-02
-6.2177816768417202e-02
1.0766444126420813e-02
1.4006544268842097e-01
1.7417250906593021e-01
2.2714827013756622e+00
1.1733638544874325e+00
-1.9160407549251202e+00
1.4612202139175668e+03
-1.5354538986754970e-01
1.0740176725574081e-01
-3.0408718410355057e-01
2.3032207274704089e-01
2.0715562939507559e-01
7.1565874972878465e+00
5.6011513008677065e+00
-3.8295511311860837e+00
1.3674837006027117e+03
-2.6190758158342176e-01
4.2174750438385677e-01
-2.6174919224474064e-01
3.8793723257964313e-01
3.2003367078946021e-01
7.8153435666771855e+00
7.7293012783248312e+00
-7.0171320912940436e+00
1.5077448790492606e+03
-2.4607585155109429e-01
5.6940810675687448e-01
6.4000191522174538e-02
5.6524432613761694e-02
1.0000713879951095e-01
6.3715071753146590e-01
-3.0845074064092266e-02
-1.8379334262428277e+00
1.6942384080813185e+03
-8.9069433972877227e-02
9.7365432405227270e-02
-5.3834698898097921e-01
-1.2128015599108165e-01
2.2186664744703821e-02
-4.8718712164881828e-02
-1.5766420257430753e+00
-1.8800736823420534e+00
1.3433521379841263e+03
-1.7008621391601492e-01
1.4875962473774174e-01
-1.0144418958348987e-01
1.9034208604880740e-01
2.4307979611697589e-01
4.0340077455417456e+00
2.9333077493501407e+00
-1.9514165270287573e+00
1.7233367379430681e+03
-1.6552244723512061e-01
9.6569017298097942e-02
-2.4123999442961233e-01
-4.7562181834881118e-02
8.1927729453749959e-02
6.1594253526591487e+00
3.3083585856527975e-01
-5.3221950445263158e+00
1.3969324587375897e+03
-1.0318328487038089e-01
4.2276610244452215e-02
-5.1238183513483260e-01
-8.4950983307682096e-02
4.7346897277938158e-02
6.0380379220920579e+00
-3.9885488865447294e-01
-5.9809449292985164e+00
1.6895762517746628e+03
-8.6301109639885160e-02
2.8058391596339952e-02
4.2278626352572235e-02
4.0601931942809387e-03
1.0627415522019211e-01
3.7199052390601367e-01
6.5875769742483881e-02
-1.9180163973431863e+00
1.9969332271870983e+03
-4.5653968318855265e-02
-4.0511153423290515e-02
-1.1559276928217962e+01
1.2534136826419530e+01
-3.9847847429128500e+01
6.4614362286872513e+00
4.5052726734964654e-01
-2.4347967419008995e+01
1.2875555498817235e+01
3.9239542504765068e+00
-2.9986979048454270e+01
1.2931859425185401e+01
3.6964079897588094e+00
-3.0127831828500405e+01
1.4201335779333286e+01
2.3804494111644793e+01
-5.5340819808651382e+01
-3.1409982177684342e-01
2.2019378154606573e+00
-2.0906611169139929e+01
7.0516993990200003e+00
1.3401130205467423e+01
-4.9474839133238696e+01
-1.0059564231963880e-01
1.6380590069886110e+00
-2.0513033817480320e+01
-9.7163170078176897e-01
2.2835788587567789e+00
-2.1688311267088483e+01
-8.7858292192237784e+00
1.3817984097145459e+01
-4.0969900269033438e+01
7.7723220064862479e+00
1.9217976806062786e+01
-5.1951086771814317e+01
-9.7136826830896865e+00
1.2681225016784204e+01
-4.1902343189796632e+01
-4.3058085547654654e+00
-7.4776751716404108e+00
-2.2449871191702787e+01
-9.8320885390773647e+00
1.3569727989428698e+01
-4.1947384149134798e+01
-1.4081076179311674e+01
8.0620963014303921e+00
-4.2604425286914925e+01
-1.2304304424252125e+01
1.0611369634683838e+01
-4.1969062462492687e+01
-1.1623550390159874e+01
1.1238069265576387e+01
-4.2143581123239862e+01
-1.6794569932569701e+01
1.4220550935043123e+01
-4.0356131216045775e+01
-1.2588911232059582e+01
1.3316725526245511e+01
-3.8334453859887503e+01
-1.5076920648140440e+01
1.0985938329762787e+01
-3.9904292697595743e+01
-1.6389982338993654e+01
9.9095552088359131e+00
-4.0989897310502641e+01
-1.6035496063118845e+01
9.5213840662324696e+00
-4.0875560295786343e+01
-1.3876058750437425e+01
1.2763467527322968e+01
-3.8471627772734898e+01
-1.2717457624404387e+01
1.2858007727784106e+01
-3.8980447046066416e+01
-1.5080412381210447e+01
1.1820369306004288e+01
-3.8821294912475665e+01
-1.2530614147348578e+01
1.3257159182595899e+01
-3.8728741903138051e+01
-1.4608409165658433e+01
1.2526293419095190e+01
-3.8264652302358172e+01
-1.3294946913570634e+01
1.1678316789774771e+01
-3.9575843829253117e+01
-1.1460239975112957e+01
1.1253387147391118e+01
-4.1410223037838890e+01
3.9890925704376308e+00
-3.1165152167503969e+00
-2.0503960725008579e+01
-7.1565584128297326e+00
1.4928322711907343e+01
-4.1619306674295657e+01
-1.3774340985020750e+01
1.1542979609900092e+01
-4.0336307913438006e+01
-1.1438589854339835e+01
1.1823758717126482e+01
-4.1268825886140476e+01
-1.1015342465591475e+01
1.3454511825938813e+01
-3.9717855740134340e+01
-1.2604210505934015e+01
1.3146317795524375e+01
-3.8597584134449690e+01
-9.9585418592931489e+00
1.3164913892644096e+01
-4.0943578232961265e+01
-9.8826891428833221e+00
1.3255689348409616e+01
-4.0874190680242386e+01
-1.4685336573024466e+01
1.0767482409093009e+01
-4.3959354926867306e+01
-1.5103070210392334e+01
1.3139703436423284e+01
-3.7164387134026903e+01
-1.0422930013417734e+01
1.5019108881864504e+01
-3.8417151915416568e+01
-3.5600426684119473e+00
1.6972063695092434e+01
-4.2481284236795801e+01
-7.1176417990550356e-02
1.7667180032565565e+01
-4.1070913197299589e+01
5.1506990966817510e+00
2.0885978227421603e+01
-4.7796836748482136e+01
-3.8671617607669564e+00
1.7438671713651551e+01
-4.1886664798497414e+01
-6.2812816515134111e+00
1.6367792833260946e+01
-4.0314999366612305e+01
2.2556600173746091e+00
2.0275291835184877e+01
-4.5459010889665826e+01
2.0775839138896788e+00
6.6539762754072695e-02
-1.9622944905527522e+01
8.5336024594184157e-01
1.9914085817290279e+00
-1.9885509791012478e+01
-2.2086380222177948e+00
2.7458417985066861e+00
-2.4949111736311959e+01
1.2267067933605340e+01
5.8303312760776391e+00
-3.0939217152519351e+01
-9.0862628946645985e-02
2.9898118380519869e+00
-2.1618908921682905e+01
2.6579137667663533e+00
1.9853225112151518e+00
-2.0537419809507551e+01
1.5182111712071233e+00
1.7624860307298431e+00
-2.0035197001605262e+01
8.9091564190197714e-01
1.7920746434314596e+00
-2.0205834286486834e+01
7.9584813407790351e+00
1.9326883772494078e+01
-5.2598270818886014e+01
-1.4734414558918793e-01
2.7273164091757915e+00
-2.1400768505771648e+01
3.4122801856507118e-01
1.5135748641251274e+00
-2.0219427523806292e+01
7.9571556665711105e+00
1.9318513593023663e+01
-5.2615312989261888e+01
1.3314063203427777e+01
1.1031422647270919e+01
-3.7901593386178625e+01
7.9059323365507845e+00
1.8062415883028024e+01
-5.3504797766035828e+01
-1.2005901226168305e+00
7.6093837544408405e-01
-2.1204583921212414e+01
9.1736976667437053e-01
1.6109530375960748e+01
-4.8157870945969691e+01
1.2087698302393466e+01
5.7302706850523686e+00
-3.1493075214063314e+01
1.2052487329036218e-01
-1.7660510071876203e+00
-1.9829453626734683e+01
-2.1692744850194230e+00
-2.9679752131961501e+00
-2.1665730726934370e+01
2.0004078581149303e+00
-3.0168712220344744e+00
-1.9131399438414579e+01
1.6287898139135870e+00
1.6487511747262287e+00
-1.9951202475372288e+01
4.5271969367174436e-01
-6.6893293184137537e-01
-1.9972744708810822e+01
5.4176054553431385e-01
-1.2559051385488382e+00
-2.0014332819209322e+01
1.2684970261859528e+01
5.3597985503207575e+00
-3.0030967570245437e+01
1.2798339459868187e+00
-7.4776135173879610e-01
-1.9795919922190588e+01
1.4179073372785563e+01
-5.2463981221640976e-01
-2.9831743715995248e+01
3.4730482033635414e-02
-8.8777712327768132e-01
-2.0113664325019290e+01
3.0830939417124150e+00
3.3930516552565635e+00
-2.2642855626023437e+01
6.6413118834342688e+00
1.1574777718570266e+01
-4.5065443673542219e+01
1.9410876802356800e+00
-1.0604421868678011e+00
-1.9889853338417446e+01
5.4749439601590719e-02
-7.7946035926967061e-01
-2.0079825262984382e+01
1.2313225584693756e-02
-1.0440143498876244e+00
-2.0297547499633275e+01
8.8207773338548545e+00
2.0957992732064763e+01
-5.1812746415588357e+01
1.2876218504674114e+01
2.1845897032657671e+01
-5.4665435423516186e+01
1.2946025072148451e+01
4.3880269909167477e+00
-2.9994481663297282e+01
1.5268972054123839e+00
-1.0327528209000509e+00
-1.9879909517988143e+01
4.2658220708281300e+00
1.6895816806518525e+01
-5.1030912432591428e+01
2.2754533673361799e+00
8.4250975158340025e-01
-1.9859345656307521e+01
9.4635788115162423e-01
-9.5196328735903724e-02
-1.9640717626150483e+01
9.6811058050174981e-01
-3.1075008535834969e-01
-1.9749192970404831e+01
2.2342931257412424e+00
-6.8677077255495500e-01
-1.9829959291162208e+01
-5.2087909358882334e-01
-9.3318386272084497e-02
-2.0361664818782582e+01
-8.2317520051474991e-01
-1.1530543385427761e-01
-2.0586355699020071e+01
3.1883784732292675e+00
1.5390338924385418e+01
-5.1021318741103457e+01
1.2205057566093371e+01
6.4641334435788762e+00
-3.0453751688317652e+01
-1.5958417867899895e+01
1.2184281642071728e+01
-3.7951935268182432e+01
-5.2770612145264719e+00
-7.3762438780316986e+00
-2.2584876744723122e+01
-1.4455084675108868e+01
1.2065964152938127e+01
-3.8881811319342575e+01
-1.5786077976284581e+01
1.1353532008996984e+01
-3.8754007665162760e+01
-1.0318446320984251e+01
1.4600622589482422e+01
-3.8839945336417586e+01
-1.1301006552274567e+01
1.4382987048266830e+01
-3.9558184368875580e+01
-1.0628423845392811e+01
1.3000010656187634e+01
-4.0412327424950725e+01
-1.4410778766091845e+01
1.2643864743257343e+01
-3.8269045911999399e+01
-1.5299802688191722e+01
1.3045410632660621e+01
-3.7336312535412311e+01
-1.2706046803910676e+01
1.2739845001130444e+01
-3.9330711442017467e+01
-1.2293677183946080e+01
1.4396290034306359e+01
-3.7577623024957660e+01
-1.3189121526770435e+01
1.2511501999723547e+01
-3.9316897213650961e+01
-1.4398077344913400e+01
1.3414290451835488e+01
-3.7142867639280517e+01
-1.2183433100435110e+01
1.4001036787799535e+01
-3.8021818647287787e+01
-1.3207340666264479e+01
1.2774304733019539e+01
-3.9269310652972905e+01
-1.4497798871451533e+01
1.2445686874241506e+01
-4.0068493349987520e+01
-1.6486576033217087e+01
1.4366705260960760e+01
-4.0481479202879918e+01
-2.9290579770504381e+00
2.9782903458750165e+00
-2.6543413184545869e+01
-1.2451554398922674e+01
1.3389506389984485e+01
-3.8697101065880148e+01
-9.6268771072871715e+00
1.3599150289594954e+01
-4.0592272688979961e+01
4.0662063587609903e-02
-2.8805027231128819e+00
-1.9395368153862346e+01
-5.7181432085038353e-01
-2.7782384221991525e+00
-1.9795618606706611e+01
9.0550279805880929e-02
-2.8633089638021656e+00
-1.9345916717579346e+01
-1.5724498701573408e-01
2.4593896495074361e+00
-2.1140597497884698e+01
-1.5335408541240574e+00
1.8397900010728734e+00
-2.2079692008882535e+01
2.0482805972892173e+00
1.8664832351724552e+01
-4.6929704524493786e+01
1.4350541209383199e+00
8.3057793919234069e-01
-1.9734053815797466e+01
-1.3216163768222522e+00
1.7076359533767821e+01
-4.4548786996099501e+01
1.2214992126746782e+01
6.6188020533616063e+00
-3.0307477639207296e+01
-1.2048747176646135e-01
1.7524895648758832e+01
-4.5644019658643444e+01
-1.4325098582777158e+00
1.7252188185612493e+01
-4.4904134449750060e+01
1.2337965712628243e+00
6.2516665323097753e-01
-1.9643985044158015e+01
1.2717016254411959e+01
4.5843840665742936e+00
-3.1504283673209425e+01
-1.0121646918490022e+00
1.7673444718094480e+01
-4.4803142420268188e+01
4.6000359223883507e+00
1.7570748087161757e+01
-5.0607945722777167e+01
1.2014171601786430e+01
2.3406047545741547e+01
-5.2609323341001932e+01
-3.7483783089959251e+00
1.6783189134752163e+01
-4.2922954980349132e+01
1.3065524711173258e+00
9.1853287322908192e-02
-1.9651366072413477e+01
1.9369450369630048e+00
8.5959372304074111e-01
-1.9713136668641031e+01
1.3191561976753349e+01
1.1208728142749932e+01
-3.7494837962749244e+01
1.2081891675069174e+01
2.2519517374237513e+01
-5.3685733732345014e+01
1.6508275755938864e+00
1.8873426880926230e+00
-2.0233095348162735e+01
6.4601605361362777e+00
2.1549736013321656e+01
-4.7813332660194412e+01
1.6971279152681935e+00
2.0184811972868992e+01
-4.4809701727881190e+01
1.3235707232123334e+01
1.2590759375767883e+01
-3.6879882974847796e+01
2.0003707419156465e+00
1.4270098000944649e+00
-1.9977354186903142e+01
1.3757248517784351e+01
1.0648003132187087e+01
-3.6297169479866255e+01
-6.9857992138808978e-01
4.6273334374497599e-01
-2.0628749985175652e+01
1.2904675402576233e+01
3.6196812733163357e+00
-3.0595596570965814e+01
1.5649407581148429e+01
2.2810519203205697e+01
-5.7742397955186405e+01
-1.8417450992065658e+00
1.5556980341360426e+01
-4.3863295550734620e+01
-1.2199773346235654e+00
2.7426079663323057e+00
-2.2341235222588637e+01
7.9683038264987598e+00
1.9982787925230657e+01
-5.1969000994212870e+01
7.1055490242457404e+00
2.1798041454313072e+01
-4.8874702497564130e+01
-5.8831818909403200e-01
3.1672655425006802e-01
-2.0509474079176105e+01
-4.6163672010069476e-02
6.3695873549238580e-01
-2.0159514813470572e+01
7.1434690435705794e-01
1.3286952029249977e-01
-1.9598007780667654e+01
1.0101811999968435e-01
8.6316797626096686e-01
-2.0105033591064764e+01
7.8010085127269368e+00
2.0734791856416912e+01
-5.1140456486405931e+01
1.2469821665673637e+00
1.8297467376969632e+01
-4.7802693865269177e+01
1.2738579800149854e+01
2.3422099762133687e+01
-5.3800941637169721e+01
4.5606473463171104e+00
1.9650836769424494e+01
-4.8238954197957405e+01
9.5460100918851900e+00
2.2593682362653272e+01
-5.1153275620713032e+01
1.2203822475811787e+01
2.3022279606135172e+01
-5.3938183141440703e+01
2.4939252050047709e+00
9.7501262771059161e-01
-2.0148392354637661e+01
1.7442088936972915e+00
8.0176891999292643e-01
-1.9575990231404809e+01
1.1786036161111019e+01
2.2465498686389374e+01
-5.3571247819990752e+01
1.6352830410927414e+01
2.4873803408611000e+01
-5.6152012164054817e+01
1.1048717402533199e-01
7.2126368548224173e-01
-2.0098642805654901e+01
1.4838100555507621e+00
9.3942538246219176e-01
-1.9750020862229874e+01
1.8315955513312755e+01
2.6007693329812781e+01
-5.8215925071620312e+01
1.3286821525711948e+01
1.1517296352183683e+01
-3.7570605197214725e+01
9.0313242842414905e+00
1.9721654711796734e+01
-5.2621176499960832e+01
1.0220756008280452e+01
2.0073590269024340e+01
-5.4126676250920568e+01
-1.7805697304040524e-01
1.1393167277107773e-01
-2.0115883533049399e+01
1.1950695210395860e+01
2.3015266430449195e+01
-5.3226248084816987e+01
1.4309052621500431e+01
2.4064932114864689e+01
-5.5155595375001980e+01
9.1180835711651045e-02
8.5893006848888098e-01
-1.9804270559620271e+01
1.3579077820454396e+01
1.0106128484603035e+01
-3.7071973680736370e+01
-3.4009820075039641e+00
1.6887342780237294e+01
-4.3530445657700824e+01
3.1259936333219365e+00
1.8876170119897392e+01
-4.7894224140009158e+01
1.5557286927454261e+00
-1.5011716229961936e-01
-1.9649323941972948e+01
-3.5623250279631500e+00
1.7795618172551563e+01
-4.1791671968900886e+01
1.7718560764345754e+00
1.9946335304650379e+01
-4.4969128236041470e+01
-2.8898640754283620e+00
1.6632952741811536e+01
-4.4677496295439262e+01
-3.3457501809818124e+00
1.6912743224310795e+01
-4.2744768742911489e+01
1.2457330450914300e+01
4.6555540737989798e+00
-3.0879064239383265e+01
1.3293102259965186e+01
1.0976782485635114e+01
-3.7136157653646663e+01
-9.9092326883045909e-02
2.2347399869353155e+00
-2.1002494752382521e+01
6.0600078235443222e-01
1.7109814706244176e+01
-4.6746533059468312e+01
8.2540439527226472e-01
1.4556605618305800e+00
-2.0006848834954283e+01
4.7144077179399574e-01
4.8757555511692513e-01
-1.9890079833413093e+01
-1.7676411053514653e+00
1.5815855359196172e+01
-4.4158156565693922e+01
6.1610521607027247e+00
2.0413592995895009e+01
-4.9627892004976580e+01
4.6089296409554459e+00
1.7757985560753657e+01
-5.0408153126644372e+01
-1.5290879514334899e+00
1.3211408500276798e+00
-2.1658876486990248e+01
-2.2146602972970161e-01
2.2203735098647215e+00
-2.1013826613374547e+01
-3.7123297045242967e+00
1.5320811452288291e+01
-4.4142948604672895e+01
-3.5383398287265089e+00
1.6947109027088011e+01
-4.2348982496092312e+01
-9.9962410761332021e-01
1.6955339895468882e+01
-4.5293940741932353e+01
-9.3513679929661397e-01
1.4895599047929662e+00
-2.1141846345299729e+01
1.1381025729589437e+01
2.3508280308389391e+01
-5.2692905927263034e+01
6.9528283698289817e-01
6.6035988268898671e-01
-2.0502981714656872e+01
-2.5055775763898996e-01
1.7224087916651989e+01
-4.5769622939348132e+01
-4.6411042248050471e-01
2.0218070210749759e+00
-2.1125235664277799e+01
3.2249776354477842e+00
2.0398326168154234e+01
-4.6222692399677889e+01
5.4896325461349660e-01
1.7063146624270592e-01
-1.9742408178605846e+01
-1.2683688981685293e+00
1.8359764051881100e+01
-4.6395713731800370e+01
1.2707949692890004e+01
5.4304688124951186e+00
-2.9693996648408543e+01
2.7155966347367828e+00
4.3291702428278261e-01
-1.9859547080366763e+01
9.5245892534193480e-02
1.5824727716782889e+00
-2.0366528165625649e+01
1.2464368647664360e+01
6.2390641130835789e+00
-3.0753804967763568e+01
2.6360775859030663e+00
1.4782281527488401e+00
-2.0167677344481540e+01
1.2717016254411959e+01
4.5843840665742936e+00
-3.1504283673209425e+01
3.4645200453514030e-01
2.7690646276956626e-01
-1.9937858068909151e+01
1.1672554797805881e+00
1.3961206683311078e+00
-1.9846675495939841e+01
4.2815506356750532e-01
1.8231389505021752e+01
-4.5318583613967036e+01
6.6895031440027708e-01
1.6337603840911246e+01
-4.8242367191835314e+01
1.4317145130186710e+00
2.0250248663252233e+01
-4.5048523856608654e+01
1.0912414624006335e+00
1.3094319286804468e+00
-1.9916509438489449e+01
1.8154186573127702e+00
1.8326581828493271e+01
-4.6480020483810073e+01
-7.8858995261578424e-01
1.8455324892018908e+01
-4.4615634034284717e+01
1.2830061075377006e+00
1.8785270119130544e+01
-4.5407997176780732e+01
3.2719494795689413e-01
6.4865291827501814e-01
-1.9834612621661545e+01
1.4039823069378166e+00
2.0168650305255035e+01
-4.4924864926201238e+01
2.0743714487495259e-02
2.9931422684462533e-01
-2.0110185261055186e+01
1.2828069562090472e+00
1.3952848173400791e+00
-1.9928060382349130e+01
1.5342318569881968e+00
1.9402550199665605e+01
-4.5546051412188206e+01
1.1432211558398894e+01
2.3229457760204099e+01
-5.1997828551050752e+01
3.2718161679513230e-01
2.0030851975433412e+00
-2.0462202691997273e+01
7.1933822265268321e-01
2.1769319636060884e+00
-2.0408504206170281e+01
8.1694070160612320e-01
6.0482500486659641e-01
-1.9774812936041641e+01
1.3598215279701090e+01
1.1127268015195023e+01
-3.6554908262639465e+01
-6.0455553571708986e-01
2.2879448014240165e+00
-2.1339286460895188e+01
1.2903599198212428e+01
3.2364868289787787e+00
-3.0843565846848950e+01
7.6703289421748186e+00
1.9588566579516932e+01
-5.2095456874813699e+01
3.1330370608105227e+00
1.8928470138498117e+01
-4.6978071617853217e+01
-3.1046039085428685e+00
1.6454032371564868e+01
-4.4645416827336426e+01
1.2918610715618220e+01
3.9749220470154127e+00
-3.0087618966617232e+01
1.8016495210945557e+01
2.5635106454352176e+01
-5.7539691662273455e+01
1.3026612820078563e+01
1.2034044235291088e+01
-3.7960344532740230e+01
1.4573095821016260e+01
2.4413473691250278e+01
-5.5149651466143126e+01
-1.0947674249243211e+00
2.3586001607803171e+00
-2.1879012367978554e+01
3.2090627384456045e+00
9.1093257137732064e-01
-2.0180517752301590e+01
-6.7958004286163232e-01
6.6657000829008772e-01
-2.0630156695366974e+01
-9.5819101384808392e-01
1.1922774528178426e+00
-2.0957386852275281e+01
1.0890399713672656e+00
7.1056672206717442e-01
-1.9753196412036846e+01
1.5270840235573345e+01
2.2742228934297692e+01
-5.7548865650590045e+01
-6.0513729564828083e+00
1.6344741940117157e+01
-4.0627860310297883e+01
-3.9572469501440000e-01
1.7078938804657938e+01
-4.5878854517586667e+01
-3.0124980231723404e+00
1.6510728167809656e+01
-4.4342109757495017e+01
-1.1108676910870450e+00
1.9145522375850430e+01
-4.3573391185668534e+01
-8.6326990295744666e-01
1.9065428495399292e+01
-4.2986298154724246e+01
7.6602354117858722e+00
2.1428559704880097e+01
-5.0090332892385305e+01
1.5829323730121256e+00
1.8950110034545073e+01
-4.4750732687809808e+01
-3.5680155551747514e+00
1.7683192655709743e+01
-4.2305485982982439e+01
1.0907474484921377e+01
2.2831930746771526e+01
-5.2474299954252395e+01
-3.4479824896145463e+00
1.7455990487513770e+01
-4.2350090296754558e+01
-8.1607747451038417e+00
1.4640368127308511e+01
-4.0660998900247947e+01
3.7321788766412645e-01
-1.8919497000967249e+00
-1.9796033524040382e+01
-5.6189536149327819e-02
-1.8202918652786171e+00
-1.9943999857840673e+01
-1.7690569974764236e+00
-3.0257901360076915e+00
-2.1223011202196439e+01
-7.9341168385141758e-01
-2.8314168426853734e+00
-1.9961381078001306e+01
-1.9071535901132042e+00
-3.3752192268543446e+00
-2.1530282724255652e+01
-4.7047853967838034e+00
1.7224709292367351e+01
-4.1187482863233001e+01
9.8040318285559735e-01
1.9254606491331796e+01
-4.4121177490624213e+01
1.3589602164280805e+01
2.2673551027142981e+01
-5.0925451123308946e+01
3.6375253708073130e+00
1.6855947796694789e+01
-5.0538635393585281e+01
-6.4575748230484926e+00
1.3454938043737334e+01
-4.3739850154826655e+01
4.7772011116340929e-01
1.6255361500411767e+00
-2.0143477027284600e+01
-1.0414778811938545e+00
2.5554864711593623e+00
-2.2022339487970505e+01
4.4663904275354339e-03
9.2653576126837123e-01
-2.0063828376669157e+01
8.9624867711675460e+00
2.2410825426609758e+01
-5.0625984821402476e+01
8.1591506592356389e+00
2.0920628387975768e+01
-5.1658397709479424e+01
3.6948208650922751e+00
1.6744324053215855e+01
-5.0276283136264816e+01
2.1192085588516982e+00
3.9457679422744598e+00
-2.3243903376470623e+01
3.6280969253201685e-02
2.1069529492196644e+00
-2.0783701036661423e+01
2.0187980998130182e+00
1.3608473693642853e+00
-1.9975796003704129e+01
9.3768455427568331e-01
1.2453569346663760e+00
-1.9945273220682438e+01
2.7577938032558262e+00
6.1258979743243380e-01
-1.9921045890233209e+01
5.4308450255876906e-01
1.0272884682391712e+00
-1.9726326200833341e+01
-2.6022389064967510e-01
1.2094486688755364e+00
-2.0285037251565612e+01
7.6838834928350974e-01
-6.7340662150471420e-01
-1.9753979209892691e+01
3.2620947953108650e+00
-1.2806019811657745e+00
-1.9933112223194854e+01
2.1549323739029105e-01
1.8061834021217347e+01
-4.5330184616693209e+01
1.7739980381739260e+00
1.8075312788757497e+01
-4.6999412676793490e+01
-2.8538962523573415e+00
1.6989202808356968e+01
-4.3933635167783464e+01
1.3331419247182099e+01
1.0702182622731481e+01
-3.7823936130901586e+01
3.6129411536136309e+00
1.7336928524646343e+01
-5.0339765919813445e+01
1.9378735554289039e+00
3.9140961717406566e+00
-2.3168867319501246e+01
2.7023461701512002e+00
1.7208554182477909e+00
-2.0157042573245658e+01
1.8321340248069011e+00
1.6998770891135595e+00
-2.0016512435202010e+01
-5.0233357216596000e+00
1.3190902879969739e+01
-4.5318863926142143e+01
1.2806715979319625e+01
3.5565927242868933e+00
-3.1111574843934999e+01
-5.4552732449566692e+00
1.2475138254095002e+01
-4.6032330908349358e+01
2.8156123785720251e+00
7.8266092902549056e-01
-1.9968107874775587e+01
2.8985306535536983e+00
6.8541916079768528e-01
-1.9969250670614571e+01
3.1682281572221096e+00
4.5237741499730211e-01
-2.0066768266607603e+01
3.6800201891638168e-01
4.7056080372406012e-01
-1.9813897876633426e+01
5.1048362743799569e-01
4.1169960020537583e-01
-1.9759473159436578e+01
-3.2547269187366124e+00
2.5677964703023743e+00
-2.6056062907264600e+01
1.2870784993727401e+01
2.2266276094633962e+01
-5.5249033900144646e+01
1.3186621857597844e+01
1.2212392725108547e+01
-3.7503557224562826e+01
4.8572703887234310e+00
1.8869822269417202e+01
-4.7574700261535618e+01
7.5437467176676098e-01
1.8310388929767772e+01
-4.5723858246241143e+01
5.4190120800395536e-02
1.7862346159920833e+01
-4.5582016752658951e+01
6.5181861547836673e-01
1.7800548703341203e+01
-4.6093663455061481e+01
6.3600333012803489e-01
1.7663560431192479e+01
-4.6367870646286768e+01
-2.3924988200238189e+00
1.6865909873391431e+01
-4.4345565441956218e+01
3.8576125317462466e+00
1.7412275446024850e+01
-5.1156953070153136e+01
6.8211115721833082e-01
1.5871032334633595e+01
-4.8920311393751284e+01
-4.4377244598903598e+00
1.3616187702167407e+01
-4.5503178460952306e+01
-4.7976204553854396e-01
2.5996235491197339e+00
-2.1592676298749005e+01
2.9711419554977558e+00
6.1539436961929650e-01
-2.0027903209452770e+01
4.5842727907702185e-01
8.3722906585562273e-01
-1.9855341649116742e+01
7.2283606553372315e-01
5.2486686484394096e-01
-1.9713133656411962e+01
-5.3991483926386135e+00
1.6309893815841502e+01
-4.1400341887964203e+01
1.2325932861562929e+01
4.6803815552336037e+00
-3.1547076195319292e+01
-8.3725509068646464e-01
1.8980140745776446e+00
-2.1302382714473577e+01
1.9761176836399670e+00
4.4493001576552904e-01
-1.9693662341770519e+01
-3.3714822592872623e-01
2.0887177971319132e-01
-2.0156659189600369e+01
-6.3274731268170503e-01
1.7968055236663494e-01
-2.0538618317967529e+01
-5.2549979185845377e+00
1.6048251371865213e+01
-4.1623258989707757e+01
1.9856184681032982e+00
1.7976039865480100e+00
-2.0129181347304140e+01
-2.9071155279213451e-01
8.3608498357617145e-01
-2.0168115843036745e+01
2.7038286667646899e-01
-6.5195989413243916e-01
-2.0013113043607078e+01
1.9938021811784234e+00
9.9273988105961897e-01
-1.9806074773229803e+01
1.7821068534210376e+00
2.2987116162821017e-01
-1.9649829657452624e+01
2.4780226850767906e+00
6.5917182846508382e-01
-1.9875708943648267e+01
1.1979627438948969e+01
2.3355624037966948e+01
-5.3392508559374612e+01
1.2074564757947673e+01
2.3211167253249620e+01
-5.3440541350491301e+01
7.9283076387065741e+00
2.1359428088653019e+01
-4.9925235244905913e+01
7.3810769592857310e+00
2.1675317809035086e+01
-4.9447114838195155e+01
8.6904186718962357e+00
2.1966170620313353e+01
-5.1291205465012496e+01
2.0462952219314845e+00
2.0116788803120620e+01
-4.5223776462280121e+01
2.6447816262286410e+00
2.0380614093170969e+01
-4.5635558191099960e+01
-4.5062070523050943e+00
1.7375901820357424e+01
-4.1082826633291091e+01
8.7228249151898414e+00
2.1895903270380082e+01
-5.1176276963680465e+01
1.2094068133838295e+01
5.8665771755724441e+00
-3.0728546800290928e+01
-8.5164791988320392e+00
1.4569831798846721e+01
-4.0974014087796789e+01
-1.1646399474819598e+01
1.1786187871638143e+01
-4.1172768400638887e+01
-9.5437735062118314e+00
1.2970709499051749e+01
-4.1304809526723368e+01
-1.5784593229799935e+01
1.0784923117839037e+01
-3.9518490225816457e+01
-9.1886082077194633e+00
1.2888304112051015e+01
-4.1881112746955985e+01
-1.0551276809641660e+01
1.2948671807979522e+01
-4.0653526181504134e+01
-1.5013843599189872e+01
1.3436680458806022e+01
-3.7034122762311277e+01
-1.2401651310872193e+01
1.3861911192466550e+01
-3.8100172291282526e+01
-1.2066915800365496e+01
1.3901556716193658e+01
-3.8250866709444793e+01
-8.5136280944233480e+00
1.4989091082455070e+01
-4.3027502826096054e+01
-1.6516162827372657e+01
1.1036708235471883e+01
-3.8874815777862331e+01
-1.5860234047999858e+01
9.8383173994462396e+00
-4.0687484109616058e+01
-8.2948178078971502e+00
1.3953666852931468e+01
-4.1418048557876361e+01
-8.8125359016524989e+00
1.4321860474718475e+01
-4.0635299089390934e+01
-1.4576650434417120e+01
1.1976298775934984e+01
-4.1616574505778047e+01
-1.2826496997860211e+01
1.2663071622002485e+01
-3.9376383801856811e+01
-1.5905035983833947e+01
1.1907197850620490e+01
-3.8076212649142704e+01
-9.4311850407725064e+00
1.3173745096365588e+01
-4.1371008843467720e+01
-1.1395842569462397e+01
1.2254588158062450e+01
-3.9635588522560631e+01
-9.7723332328417563e+00
1.2229968462373758e+01
-4.2259021828136909e+01
-1.1930221234042778e+01
1.3341145803333488e+01
-3.8946627481991960e+01
-1.0661522603879131e+01
1.3802862173751507e+01
-3.9645245865080511e+01
1.3144604152930006e+01
9.9817029105736061e+00
-3.9128441747819366e+01
-6.4545165117970660e+00
1.2985462795230074e+01
-4.2804553888282342e+01
-7.0247615631216407e+00
1.2369900308455840e+01
-4.4240092130368140e+01
-6.0136835646510347e+00
1.1653554859272390e+01
-4.4059162163867526e+01
1.3260505659140035e+01
9.6545356044363331e+00
-3.9439585908153468e+01
-3.6863468334482516e+00
5.7377712233186235e+00
-3.9761059140297462e+01
1.2549389211361502e+01
4.4877972379359168e+00
-3.0738228881756161e+01
-3.1742496715876913e+00
2.8463892999498235e+00
-2.7042563096916112e+01
2.3186676720680146e+00
1.9171921649484074e+00
-2.1169465826549917e+01
2.7309278417081786e+00
1.0625654900871526e+00
-2.0479724978398366e+01
3.1194551241515773e+00
9.6871415429803465e-01
-2.1079820751761911e+01
3.0836756765726050e+00
7.6515091475819941e-01
-2.0033843563238335e+01
3.0391047724300670e+00
6.9997881182813038e-01
-1.9877851066300288e+01
3.9781286977314703e+00
7.5161866540916111e-01
-2.0880125555071579e+01
3.0529736466014104e+00
5.7761453366082038e-01
-2.0462607600402865e+01
1.3217864582737025e+01
5.6474371943424284e-01
-3.2367271685920130e+01
3.1689484454336290e+00
3.5641154705118255e-01
-2.0540419316612418e+01
1.5592518060446927e+00
1.2911283898165354e-01
-1.9645371190187557e+01
2.7763228742235242e+00
8.4841333357334237e-02
-1.9581398441683170e+01
1.3693523695073893e+01
-2.9801589170267667e-01
-3.1264077262051639e+01
3.1795621220132136e-01
-4.4735499509766563e-01
-2.0060440615556647e+01
1.4150474946345380e+01
-1.0443242544164815e+00
-3.0460936867740877e+01
7.5652351857436195e-01
-8.6835635105140141e-01
-2.0022342344779904e+01
1.4243759641238993e+01
-1.1956822809282759e+00
-2.9632320828365721e+01
1.4829603690926751e+00
-1.1395369393416566e+00
-1.9914810180816595e+01
1.5448439477463078e+00
-3.0323672315287693e+00
-1.9507250555455645e+01
1.7072852399995051e+00
-3.5089549731789429e+00
-2.0445337879093785e+01
4.8462996190230259e+00
-7.9357681987470103e+00
-2.1966449550303892e+01
-6.4380485207897369e+00
1.3156923782138728e+01
-4.3951756202670531e+01
-6.4380485207897369e+00
1.3156923782138728e+01
-4.3951756202670531e+01
1.3313900259682502e+01
1.1163422696270892e+01
-3.7444809431545636e+01
-6.5941967452777472e+00
1.2321217649708814e+01
-4.4232606401900263e+01
1.3089966945189932e+01
1.0497374883788638e+01
-3.9266109527644616e+01
-1.2638440162893493e+01
1.0790614256605529e+01
-4.2531493850920896e+01
1.3305191826323068e+01
9.6468381161419963e+00
-3.9072190269707576e+01
1.3061171574543031e+00
4.0708563599412049e+00
-2.4047003225808979e+01
-3.2163539449603324e+00
2.7774267868986846e+00
-2.6258226551064116e+01
1.2333137876938386e+01
3.6056651621740579e+00
-3.2574368235680197e+01
-7.8082395137276679e+00
3.1423334101343925e+00
-3.6591043023237070e+01
5.6849405476181625e-01
1.9604663607907733e+00
-2.0409487300825496e+01
1.2761079734865538e+01
2.9449621901133201e+00
-3.1920780565789222e+01
1.2589063064088515e+01
2.9123275538722821e+00
-3.2165348436301855e+01
1.2915943876275794e+01
2.8678245032631051e+00
-3.1042125807852628e+01
1.2395515063535238e+00
1.6811673418608049e+00
-1.9860065102043723e+01
2.4852236306261206e+00
1.6891634505713891e+00
-2.0034298768068595e+01
2.7483670283352661e+00
1.6302213249939688e+00
-2.0238863811972383e+01
-5.5044353934174473e-01
1.0168737501733343e+00
-2.0609041460787378e+01
3.1797539575832512e+00
8.0499204775737643e-01
-1.9878591353912139e+01
1.3359351602528879e+00
5.0281096763989097e-01
-1.9705507081708355e+01
1.3104629010297955e+01
6.3655096678897127e-01
-3.2662576697642621e+01
5.2246361605335947e+00
3.7497734827879570e-01
-2.2810147749938785e+01
1.3184438110493984e+01
4.4146242246834411e-01
-3.2730208505996274e+01
2.5796887855994624e+00
-1.4994776174848881e-01
-1.9792882520317090e+01
1.9850826424233614e+00
-2.4186170591305728e-01
-1.9658048299568890e+01
-3.7895549118539545e-01
-4.2886578034167727e-01
-2.0415682544984772e+01
3.1033917312381902e+00
-5.3739638421767988e-01
-1.9941217243579420e+01
-6.5540918924333891e-01
-6.7684338819231382e-01
-2.1099959059231562e+01
3.4277610262409977e+00
-7.1767042877502973e-01
-2.0219736052445768e+01
3.2426616392810050e+00
-7.3435670055702318e-01
-2.0117593911505942e+01
2.7805688261746906e+00
-8.6889303719093547e-01
-2.0183246090526630e+01
6.6169279466898585e+00
-1.1484450997661977e+00
-2.2062150726432364e+01
6.3336311077766458e+00
-2.1731221278116073e+00
-2.3123232973942788e+01
4.0589031635279440e+00
-3.1524795582789946e+00
-2.0637748368371984e+01
3.4182134909324340e+00
-3.3625324543490485e+00
-2.0536745444402118e+01
3.4224519089463405e+00
-3.4177899130227485e+00
-2.0365099824499882e+01
1.1762597290475961e+01
-4.5333438242227819e+00
-2.5964857613345952e+01
1.1215338758759415e+01
-5.6009527193706363e+00
-2.4352655663646235e+01
-3.2831088448527752e+00
-8.0688303393514396e+00
-2.1372885992185996e+01
-3.2711592649623960e+00
-8.0448132418373390e+00
-2.0806839151043214e+01
-1.7760037386431045e+00
-8.0102307037887854e+00
-2.0428217845027337e+01
1.6225614446492993e+00
-8.0788793628729962e+00
-2.1304125205158325e+01
-1.8088085224817121e+00
-8.0776955640749275e+00
-2.0290430107947714e+01
1.3025894982461361e+01
1.1558367430385253e+01
-3.7629370682946472e+01
1.3033660744969946e+01
1.1554977115491145e+01
-3.7641788460404946e+01
-8.9010817411799259e+00
1.2169288081463387e+01
-4.2520276020468621e+01
1.3707089968241370e+01
1.0585187837136740e+01
-3.6455392549126742e+01
1.3273215380139721e+01
1.0515911839875447e+01
-3.8621535039048347e+01
1.3273215380139721e+01
1.0515911839875447e+01
-3.8621535039048347e+01
-1.2402648920883490e+01
1.0504663187691854e+01
-4.2212696180284226e+01
8.4538961078494772e+00
1.0969971464401684e+01
-4.9223286762392277e+01
2.3596804688701791e+00
9.7767120584480978e+00
-4.5682551814743491e+01
7.2206698888000238e+00
8.5183550010724769e+00
-4.5196102793957813e+01
1.3459233160351639e+01
6.4469420114510161e+00
-3.4565237649204605e+01
-2.0242591024812993e+00
6.3904805981697965e+00
-4.0684284237495532e+01
-3.7062809009993076e+00
5.2788060078880230e+00
-3.7722416616081681e+01
1.2997454390185462e+01
4.3520864088402700e+00
-3.0016788753835577e+01
-2.3780050872217688e+00
2.6704924448921052e+00
-2.5109128530248704e+01
-7.1888331540866357e+00
2.8191292867830722e+00
-3.5986891177174684e+01
9.7989565701613246e-01
1.3351149970000675e+00
-1.9889364846509444e+01
1.3065184620820904e+01
8.5375341468454868e-01
-3.2519623586205491e+01
1.3211181666870438e+01
5.3464495402693590e-01
-3.2639976627640280e+01
2.6397725773396137e+00
1.9677761215221920e-01
-1.9771427618945268e+01
5.0864442144413360e+00
2.1371809615616769e-01
-2.2635473376457245e+01
1.3534448787353746e+01
-1.1085898398992877e-01
-3.2099643871350118e+01
3.2575764906393345e-01
-4.8160857590553768e-01
-1.9968955807892854e+01
3.6258756423082594e-01
-7.5519340909552346e-01
-1.9921117850765782e+01
-6.9658426850040716e+00
-1.8581649502113857e+00
-2.9606335715652257e+01
-6.9804154750446248e+00
-1.8677072554077094e+00
-2.9870588326674710e+01
-7.0814687767674229e+00
-2.3044787994530695e+00
-2.8627501975622476e+01
-2.1044674286338387e+00
-7.7013758553607827e+00
-2.1072647824437801e+01
-6.3745060330119196e+00
1.2422195010144199e+01
-4.4427854140170801e+01
1.3742551554581585e+01
1.0077840398360591e+01
-3.7043573391012735e+01
1.3729617255842326e+01
8.6169440684107759e+00
-3.8097539824285228e+01
6.5362197150139130e+00
9.0460736307194729e+00
-4.5599160604768620e+01
1.2854601963809284e+01
4.0254478487548928e+00
-3.0333479411192304e+01
1.2684578870669906e+01
3.7311363847485555e+00
-3.1315824134896545e+01
1.2432363413402596e+01
3.4849608277060415e+00
-3.3028686971046952e+01
3.7170164803240229e+00
2.3091041931502252e+00
-2.1058300745902546e+01
-7.7732920520856439e+00
2.7323391480688639e+00
-3.5191093439371073e+01
-7.0481893640872277e+00
2.2400053300295188e+00
-3.4465868434638871e+01
1.2791862604515744e+01
1.9482483325952753e+00
-3.2611803890673649e+01
1.3381698396586575e+01
1.8607914028825088e+00
-3.0799630682377810e+01
1.5399748664228438e+01
4.7468141591793866e-01
-3.3623986623898745e+01
1.4032331967093711e+01
3.1332228377938026e-01
-2.9806432599764541e+01
1.3870315173224245e+01
3.2678956610205995e-01
-3.0295285927793039e+01
2.7278916424819117e+00
1.9772375667292666e-01
-2.0277133095867821e+01
1.4862118590792948e+01
-1.8097178252008870e+00
-3.0888877720432589e+01
1.6735219489340398e+00
-3.8831660831839079e+00
-2.0366916336223579e+01
-1.6326851165242779e+00
-8.2310206867374003e+00
-2.0105142132686616e+01
-1.2316586834682163e+01
1.0767118856706372e+01
-4.2211615365541448e+01
1.3266578839283664e+01
1.0053229974419139e+01
-3.8072942489388787e+01
-2.1896718987749133e+00
1.1333323707843617e+01
-4.7721536887543252e+01
1.3302629316356890e+01
9.3985131956326811e+00
-3.9187289907152866e+01
1.3540758436851986e+01
9.2833167524229800e+00
-3.8365119359411189e+01
1.3814780861368694e+01
8.5119683488187317e+00
-3.7604470627857047e+01
1.3400049671221930e+00
9.0559320310859768e+00
-4.4572698649337035e+01
9.2333505239378582e+00
7.3875010916520143e+00
-4.3996581831525603e+01
9.2333505239378582e+00
7.3875010916520143e+00
-4.3996581831525603e+01
1.2402386850055269e+01
5.2320078969244586e+00
-3.1011143744242958e+01
9.4814859465195112e-01
2.1505668433446052e+00
-2.0563853829177731e+01
1.2056520246901843e+00
1.5786993767197381e+00
-2.0091124526500590e+01
1.2837590609499413e+01
2.3287425480372863e+00
-3.2314559557623419e+01
5.3000206407301507e+00
8.6793515338841032e-01
-2.3026899923740977e+01
5.1426894053438854e+00
8.5311990843274887e-01
-2.2764567334769929e+01
2.4073624162510949e+00
-7.1742778712846744e-01
-1.9913549063355909e+01
1.1325492382926463e+01
-4.7425555735319778e+00
-2.5168860773083974e+01
8.1297227853490615e+00
-6.6052579086599019e+00
-2.2905527267837765e+01
1.3000680986167056e+01
1.0100649727685715e+01
-3.9162176492409735e+01
1.3768741698427103e+01
9.1917564106115694e+00
-3.7771859243940689e+01
1.3995943815125221e+01
8.7787649898684883e+00
-3.7708078625952851e+01
1.3703398883868425e+00
8.8557082762303594e+00
-4.4727369955935892e+01
1.9976687787259033e+00
2.7915834901712864e+00
-2.0797488862730596e+01
1.2841392578733036e+01
3.6205790223049439e+00
-3.0770082570043321e+01
1.3858582245389263e+01
2.2191455219226350e-01
-3.0625177376070774e+01
5.8270176625434089e-01
-5.3091111798571711e-01
-1.9865236025401476e+01
2.5668741839867608e+00
-5.6983716856514022e-01
-2.0363206562896728e+01
7.9931661589574814e+00
1.3630856604883151e+01
-5.2709711388625045e+01
1.2663316983283927e+01
3.0415404306385820e+00
-3.1769622129016220e+01
1.1422271565768590e+01
-4.5993385859648477e+00
-2.5937837102371606e+01
-1.6667706650800532e+01
9.6273926790112032e+00
-4.1348055924164470e+01
-1.0755454588991686e+01
1.1260016874853040e+01
-4.2341396909568523e+01
-1.4696880656724680e+01
1.3451224639543270e+01
-3.6980239739406983e+01
-1.4664583370859654e+01
1.3529377898496323e+01
-3.7353267316545804e+01
-1.5410419584126185e+01
1.1115700341972955e+01
-3.8733712696745080e+01
4.4350388437697781e+00
2.0784816368161085e+01
-4.7094609985012042e+01
1.7877355557983698e+01
2.5901542871781164e+01
-5.7876395823831324e+01
1.1011377654696981e+01
2.2685250199240155e+01
-5.2687240745005894e+01
1.1687594524998742e+01
2.1880073840663357e+01
-4.8527019040170160e+01
1.1545097416154569e+01
2.2995517784468273e+01
-5.2625941861907634e+01
5.7085758430036408e+00
2.1545009362912932e+01
-4.7987504715932531e+01
1.3169895338095023e+00
-5.7310558214352509e+00
-2.1663121389889803e+01
1.2505240642057579e+01
5.8837978787751846e+00
-3.0334163369811410e+01
1.3402898901061997e+01
1.1987954858292930e+01
-3.6815097508408570e+01
1.4147392152578698e+01
2.0708479760702250e+01
-5.8117384995593525e+01
1.5927734383622232e+01
2.2722962110091096e+01
-5.8686751707505557e+01
1.3736699229083767e+01
1.0338851112071243e+01
-3.6520925682781311e+01
1.3296987901497427e+01
1.0056328449135812e+01
-3.8132395504120815e+01
1.3021114023517132e+01
1.0229218288672651e+01
-3.9704443304104906e+01
1.2348450070321766e+01
2.3402207427687483e+01
-5.3414993649394710e+01
1.3473506953588716e+01
1.2036440391366884e+01
-3.6675874999193880e+01
1.3212448729557384e+01
1.2508685461271273e+01
-3.6952133234923728e+01
1.3000341864476420e+01
1.1830822895879002e+01
-3.8301702694639943e+01
1.2649878526175232e+01
5.5130228666577938e+00
-2.9861180032262276e+01
3.1267818048838908e-01
1.9355509318165097e+01
-4.4721686519279835e+01
-8.9182298798187898e-01
8.6596326139190372e-01
-2.0833344554264499e+01
-8.4073972196739000e+00
1.3032911136826664e+01
-4.2350807382202582e+01
-9.7045132073182838e+00
1.3358090405487893e+01
-4.1012312991287402e+01
-1.6747830192091087e+01
1.0166150366311193e+01
-3.9682565762744389e+01
-1.4651109789895026e+01
1.2265909091855836e+01
-3.8571445076026144e+01
-1.3559296754337062e+01
1.1003641465946220e+01
-4.2976775295153260e+01
1.3887166952720449e+01
2.0761636071441632e+01
-5.7739282268008203e+01
4.2827351231742128e+00
1.6747793771438747e+01
-5.1296189115935142e+01
1.4061424442610306e+01
2.0589894810645500e+01
-5.7872317582158345e+01
-5.0135574512031065e+00
5.0618569264273399e+00
-3.7603660628300467e+01
4.9913400664920526e-01
1.8363659827129293e+01
-4.5713172481054130e+01
-2.3991623849839820e+00
1.6391320319247441e+01
-4.4787298934436258e+01
1.9542692336866261e+00
1.1818425022486110e+00
-1.9854275084782049e+01
1.4272822016596463e+01
1.9743916251979066e+01
-5.8106330448405892e+01
-7.4999074502647922e-01
4.3674581835644960e-02
-2.0616421829388443e+01
-1.3567607289247066e+01
1.2583385151250047e+01
-3.8710212200429304e+01
-3.3377140202497455e+00
1.7880316524626689e+01
-4.2586530997149168e+01
-1.1943367140378147e+01
1.2810879396813087e+01
-3.9673499063797955e+01
-1.4510860757727443e+01
1.2137744753766142e+01
-3.8839705152044630e+01
-1.3440669846569653e+01
1.2434874547285901e+01
-3.9224909140249402e+01
9.2287356528761921e-01
1.8530550701763115e+01
-4.5722919991153020e+01
-1.7297516619169606e+00
1.5326635887821013e+01
-4.4320537144027810e+01
-5.6605599938706819e+00
1.5301804363474613e+01
-4.2370227629320141e+01
1.0625387443231463e-01
1.4898811157716887e+01
-4.9460230138087326e+01
1.6332202764346639e+00
1.9836481790814702e+01
-4.5090496317429839e+01
4.4630618810009057e+00
1.6934164147608257e+01
-5.1097175219835599e+01
4.6836618544427701e-02
2.3391585470304936e+00
-2.0908873975903866e+01
-3.7111479822094564e+00
5.5816664626604462e+00
-3.8687012618870966e+01
2.2477333314781451e+00
2.0420507388500035e+01
-4.5153351416970565e+01
-6.2085111426217843e+00
1.5459575013014446e+01
-4.1759634294298678e+01
-8.3043327729924121e-01
2.0790492039958370e+00
-2.1409021421499208e+01
7.2991624366442742e-01
1.8553040618461878e+01
-4.5502982625400264e+01
-1.2978886695482503e+00
1.7500937960982181e+01
-4.4580863301878644e+01
-1.7348675855831914e+00
1.5601405900072546e+01
-4.4172508883156837e+01
-3.1524479259780152e+00
6.3406063427340786e+00
-3.9833870027523325e+01
6.2493562712672812e-01
2.2904667359922546e+00
-2.0716540710604193e+01
3.6564131192354595e-03
1.6744511090048699e+00
-2.0304001177422208e+01
1.1577895164877541e+00
1.3037667466990512e+00
-1.9612136968905180e+01
5.3248463522778922e-01
1.9362958316852357e+01
-4.4772843962698637e+01
5.4581804387264132e-01
2.0417829402980998e+00
-2.0346471628282274e+01
-7.6167634953453878e-01
1.5283690697052024e+00
-2.1004331414892409e+01
1.8318351965207161e-02
1.0878970108457555e+00
-1.9988310750800391e+01
1.0332510141407714e+00
1.8045592974284752e+00
-2.0152173742830225e+01
-5.2243953010049426e-01
1.7923446434758985e+00
-2.0738027972990512e+01
1.2860142363056604e-01
1.4700892973974695e+00
-2.0225807687546332e+01
6.3655381584849069e-01
1.3743399146749620e+00
-1.9927153260237013e+01
-4.3584142126726277e-01
9.7414739784133464e-01
-2.0485363780776126e+01
1.7033498914331990e+00
9.2380380373468385e-01
-1.9790134046753799e+01
7.5828396849843509e+00
2.1176105653052492e+01
-5.0540917943423963e+01
-4.0785200360705591e-02
1.3372975901388833e+00
-2.0283467249544941e+01
-7.7823668890573217e-01
2.2679280662789902e+00
-2.1493136326853314e+01
-6.7704397978119599e-02
2.0353953558179012e+00
-2.0800986636156996e+01
4.8954416908859977e-01
1.6640915318358602e+00
-2.0351008804826034e+01
7.2097719626455570e-01
1.1447697258309160e+00
-1.9869338851308559e+01
2.5089845089551837e+00
2.0535425562890595e+01
-4.5344973683335809e+01
7.4935409745377157e-01
1.8989394789657574e+01
-4.5010784371994482e+01
3.1967655028751047e+00
2.4279448441753231e+00
-2.2001530234298663e+01
-1.6484462166725720e+01
1.2062159739792900e+01
-3.7786765923346934e+01
-1.5326530445538650e+01
1.0808579414391595e+01
-3.9834263063116524e+01
-8.9958700321292575e+00
1.2951719876219451e+01
-4.1657287156667941e+01
-8.8143825644193292e+00
1.2905121809588127e+01
-4.2141700846005470e+01
-1.1714886944489722e+01
1.1228516245036541e+01
-4.1759915422989387e+01
7.6436494723522530e-01
1.9674669352697556e+01
-4.4731740868257376e+01
1.4291457567561134e+00
1.9810418950187167e+01
-4.4940653028824379e+01
8.1210811976426278e-01
1.9479562722296290e+01
-4.4973556026552920e+01
-1.5351372773053132e+01
1.0696606700004747e+01
-3.9922523999695890e+01
-1.0792268678894171e+01
1.1344253215260098e+01
-4.2187290276802905e+01
-1.2323770981104445e+01
1.4164795453206493e+01
-3.7677554815096386e+01
-1.5128756048137763e+01
1.3260641394782516e+01
-3.6990088938081044e+01
-1.5128756048137763e+01
1.3260641394782516e+01
-3.6990088938081044e+01
-1.6379282460083012e+01
1.4657528897169955e+01
-4.3969569271496063e+01
-1.2494764597915140e+01
1.3050507712246365e+01
-3.8900328249597621e+01
-1.5893242722529532e+01
9.5070626581549789e+00
-4.0878277704195447e+01
-1.5140249528132193e+01
1.1865726667729785e+01
-3.9019025285966137e+01
-1.4892400175486570e+01
7.8169142745157814e+00
-4.4344761461256034e+01
-1.4088966547922535e+01
7.2217774294797188e+00
-4.1838058628464303e+01
-1.3445749944992684e+01
1.2894876618607656e+01
-3.8662168889033282e+01
-1.2729967724902089e+01
1.3083578790529691e+01
-3.8751906394344338e+01
-1.4553969406186937e+01
1.2295787014668484e+01
-3.8532519451165349e+01
-1.6250056957416771e+01
1.2192952842026054e+01
-3.7890371196373579e+01
-1.1033897133126780e+01
1.2997848168892315e+01
-4.0156907864047461e+01
2.2373779416530333e+00
-7.8175236890244304e-01
-1.9758856634848463e+01
-1.0845666402186088e+01
1.1532371384220562e+01
-4.2225139613619035e+01
-1.5013163814625608e+01
1.0740050120748087e+01
-4.0151282945635536e+01
-1.3546322146200374e+01
1.2619189803382152e+01
-3.8455589243026502e+01
-1.6485657292194183e+01
1.0113520474726625e+01
-4.0002839166627837e+01
-1.6301261856177714e+01
9.7634441577299143e+00
-4.0525205814467363e+01
-1.1138858463456746e+01
1.2377871026494658e+01
-4.0872565142342580e+01
-1.2677273478133696e+01
1.2987655714802477e+01
-3.9287765057505744e+01
-1.3727501173139414e+01
1.2340176247226871e+01
-3.9103778242398604e+01
-1.1497675382999196e+01
1.9317119645549115e+00
-3.4478728818542059e+01
-1.6479927260297618e+01
9.9115954790365546e+00
-4.0952798666619096e+01
-1.4809518465155028e+01
1.2402540014332130e+01
-3.8696914329735939e+01
-1.5868889149538600e+01
9.6938587467761881e+00
-4.0865972418833515e+01
-8.0907695092005998e+00
3.0561930236589028e+00
-3.6604023113061366e+01
-1.1576423347107172e+01
1.3402290835199302e+01
-3.9334570398749868e+01
-8.7672916462426009e+00
1.3796947034893931e+01
-4.1329456121782925e+01
-1.6022284381733989e+01
1.0874656015853491e+01
-3.9892376799104284e+01
-1.5877907554503043e+01
9.7108405025208473e+00
-4.0871117160779463e+01
-1.4549439228310442e+01
1.2160933886708019e+01
-3.8628169007244239e+01
-8.9618254204367105e+00
1.4429956936006301e+01
-4.0420897757812995e+01
-1.0744885247902884e+01
1.1938966552028997e+01
-4.1941926556367221e+01
-1.4315979942527468e+01
1.2152261922758139e+01
-3.8905601215282772e+01
-1.0292976590943976e+01
1.3890951503871587e+01
-3.9935212258813046e+01
-1.6150748702561263e+01
1.0363863196339119e+01
-3.9686860724409208e+01
-1.2222258500801145e+01
1.4180041715591637e+01
-3.7758909575068294e+01
2.3154578109558158e-01
-5.9392093280966785e-01
-2.0060631060796339e+01
1.3356983501055968e+01
1.2155591128805831e+01
-3.6573806023195303e+01
1.3108404891266447e+01
1.0492659894481299e+01
-3.8708547789856368e+01
1.3136229734672440e+01
1.0516367181345892e+01
-3.8789896639586921e+01
1.3317640854776775e+01
1.0407323731708656e+01
-3.9375229447940910e+01
1.3449536724833717e+01
1.0818224604738903e+01
-3.8141458841707838e+01
1.3007542693309894e+01
3.6838253515747064e+00
-3.0576756809118454e+01
1.8030497858129915e+00
5.3613625357992724e-02
-1.9560491736641460e+01
1.2890139278496520e+01
3.3900248703807012e+00
-3.0889084748950996e+01
1.2880515561491546e+01
3.0206754156671232e+00
-3.1265325649599298e+01
1.3387423988493582e+01
1.1840161522464005e+01
-3.7144043855918390e+01
1.3400855221007181e+01
1.1775372758197740e+01
-3.7913915743406818e+01
1.3490449934019557e+01
1.0520467494736785e+01
-3.7593641611866019e+01
1.2927833905498359e+01
4.1295675010620148e+00
-3.0070447256318303e+01
1.5305238176088578e+00
2.2553883930772856e-01
-1.9593049976326657e+01
-5.1485708448334877e-01
-5.0254504452594118e-01
-2.0403750046898786e+01
1.2360072985724219e+01
5.8458803969747066e+00
-3.0380929782030236e+01
-1.1235698249107078e+00
1.4170476448436951e+00
-2.1299183706405277e+01
2.2559201090476235e+00
-1.1202649678466899e-01
-1.9614710509566358e+01
2.0561055840177356e+00
-3.1004146721506332e-01
-1.9604395489052180e+01
-1.0988758111268841e+00
7.6888366524932195e-01
-2.1053874404935353e+01
-4.4201589316832318e-01
2.8819131319663366e-01
-2.0281931431068354e+01
-3.2675720934258007e-01
2.1578787639913691e-01
-2.0145967605535045e+01
-1.7267144379759844e-01
1.3319371680612116e-01
-2.0035943865440803e+01
1.6577843718603114e+00
-5.2430355170376841e-01
-1.9704952836474952e+01
1.6439304554661200e+00
-5.1936162732791036e-01
-1.9695365358259014e+01
-7.8872191890488552e-01
2.8145539468147751e-01
-2.0655620414700714e+01
1.5658892970808729e+00
-6.2862051259721552e-01
-1.9743176556218042e+01
-1.6041369050736458e+00
6.2926197647770443e-01
-2.1692727615731112e+01
1.3214687898891814e+01
1.2227614883859625e+01
-3.7012747672423359e+01
-8.2883257587817238e-01
5.2052941115415408e-01
-2.0685065716818631e+01
-1.2641947271030405e+00
5.1361564390159609e-01
-2.1218265656569269e+01
3.0839247828171584e-01
-2.8428462971150620e-01
-1.9960588202320874e+01
3.2497298330604002e-01
-3.1834936756143761e-01
-1.9934870293085453e+01
6.9098252897089940e-01
-6.1161951476000243e-01
-1.9763555992034931e+01
7.8390965520024869e-01
-2.7118601178078078e-01
-1.9750110696532122e+01
-9.5401546992436224e+00
1.2771077732687406e+01
-4.1768793805881948e+01
-1.1727247658185494e+01
1.3479708035861542e+01
-3.9163674829567377e+01
-1.3709123957179921e+01
1.2789931230214158e+01
-3.8881376055032391e+01
-1.2990116260057579e+01
1.2515270465342901e+01
-3.9166768533448568e+01
-9.7300308033765770e+00
1.4162100419274056e+01
-4.0006724539671829e+01
-1.6069712177652200e+01
1.0723456424725434e+01
-3.9383732393384960e+01
-9.8064961928406511e+00
1.3193041160446322e+01
-4.1021071148908419e+01
-1.3832777852021740e+01
1.2348892560627929e+01
-3.8814068055272585e+01
-1.6250140301427603e+01
1.0676834967493605e+01
-3.9532641674177853e+01
-1.0803581484156698e+01
1.1637775742365294e+01
-4.1893438431968150e+01
-1.2800530593523309e+01
1.2896067402246778e+01
-3.8815553010990627e+01
-1.6250140301427603e+01
1.0676834967493605e+01
-3.9532641674177853e+01
-1.6111676400466688e+01
1.1767640424442881e+01
-3.8303161569280142e+01
-1.6685355590246665e+01
1.1007280988726798e+01
-3.9138788685298323e+01
-1.1958797351003492e+01
1.2824370558494891e+01
-3.9700409006441973e+01
-1.2290279136244836e+01
1.2698796976437601e+01
-3.9676001333672502e+01
-1.3144510592891256e+01
1.2578822922816524e+01
-3.9260612860327306e+01
-1.1587283025860140e+01
1.3418504139699079e+01
-3.9382922282296533e+01
-1.0537084007611375e+01
1.3226909007850931e+01
-4.0346336308878676e+01
-1.6495820197645038e+01
1.1121584490473181e+01
-3.9223079376026988e+01
-1.3302022897209280e+01
1.2805964207765324e+01
-3.9038819548427732e+01
-1.0999502603311976e+01
1.3322140526690776e+01
-3.9775273391030254e+01
-1.5822844573600385e+01
1.0670039674206361e+01
-3.9575834612039969e+01
-1.5494475786117265e+01
1.2463287809206825e+01
-3.7814807942843352e+01
-1.6066777692896373e+01
6.7247648131713795e+00
-4.3089111196347702e+01
-1.4682902546526149e+01
1.1838075076878074e+01
-3.8835600894702182e+01
-1.0840903484222432e+01
1.3609979289070182e+01
-3.9724544929215106e+01
-1.7080627457315519e+01
1.0708763715175019e+01
-4.2177483006366550e+01
-1.6256022801957911e+01
1.0186269235409602e+01
-4.0029744078363869e+01
-1.6616878623418042e+01
1.0962987853593431e+01
-3.8981604967530771e+01
-1.4235888671465096e+01
1.2499413795122823e+01
-3.8658194825271572e+01
-1.1007421051744769e+01
1.3322762250389900e+01
-3.9766456112861640e+01
-1.6504024013255385e+01
1.0927580024764204e+01
-3.9113580036825347e+01
-1.4845737716843576e+01
1.2469837186653116e+01
-3.8234596622601259e+01
-1.0440870958770427e+01
1.3718326342829371e+01
-3.9905812402694572e+01
-1.3014039761034217e+01
1.2997845909441402e+01
-3.8735581595016775e+01
-9.8918711853425627e+00
9.4879650005296512e-01
-3.4333911497919935e+01
-2.3683408346007013e+00
2.5754803070030294e+00
-2.4950049291117033e+01
1.0368681548443705e+01
2.0832754243124363e+01
-5.3224936272261857e+01
8.8308221487526994e-01
1.4790729053846232e+00
-2.0051953550786219e+01
1.5602406658158148e+00
8.1552574565776070e-01
-1.9716065850910194e+01
2.1830697364482234e+00
4.6395765993092364e-01
-1.9674102458799005e+01
3.2158572359970203e+00
-4.8131601281454406e-01
-2.0065195900734444e+01
1.6606018006908833e+01
2.1380234616830453e+01
-5.9904726629398226e+01
-7.2900660803900221e+00
2.5816499662302586e+00
-3.5969902656403747e+01
-7.9923720367457181e+00
1.5426023381689919e+00
-3.3662819125656590e+01
-6.6403616196519168e+00
1.2249696368052494e+01
-4.5090246242980143e+01
3.7172402538006488e-01
1.7146118028202711e+01
-4.6697987219005611e+01
-1.3151537468878001e+01
1.3074185115377050e+01
-3.8464127644241259e+01
-2.5631133088992097e+00
-7.5996415143850227e+00
-2.2209000182261825e+01
1.1434590419182618e+01
2.3489775447460090e+01
-5.2440447408570080e+01
-8.6182639111623960e+00
1.4043754545528058e+01
-4.1698413760927941e+01
-8.0849242128541778e+00
1.3844104041896781e+01
-4.1656279442573073e+01
2.8987245872079801e+00
8.4086971138750993e-02
-1.9849253799018538e+01
6.6112876411043764e-01
3.6597790580234324e-01
-1.9730139422670884e+01
1.7850416883848101e+00
-1.6295912393842504e+00
-1.9526862006585709e+01
1.3525748578068123e+01
1.0103265671868622e+01
-3.6982114362154078e+01
4.3515719490840530e+00
-1.0244619950180829e+00
-2.0394037556142578e+01
2.4401329424727161e+00
-9.2866304974451874e-01
-1.9996942081390070e+01
-8.3811320761320989e+00
1.4102191613959908e+01
-4.1289578940388701e+01
-8.4396366847799396e+00
1.4199073139055704e+01
-4.1347143312608722e+01
-7.7796029386340182e-01
1.5439450377323161e+00
-2.0989847744218658e+01
-6.9757128057876136e-02
-1.7887262413829585e+00
-1.9986105483035370e+01
1.5842752346744930e+00
1.1829030608609945e+00
-1.9704035658000038e+01
1.5718596295785747e+00
1.1844479201616247e+00
-1.9688766419997460e+01
1.2944130386623192e+01
3.1942245551080659e+00
-3.1114346284669669e+01
1.2848484597852394e+01
3.1759671529651738e+00
-3.0945920123720228e+01
-1.3369986298478596e+01
1.3067411009365493e+01
-3.9961058318817180e+01
-8.2651267386719649e+00
1.4581896572305187e+01
-4.0663989857138468e+01
1.4949220839249195e+00
-1.9358646057511462e+00
-1.9576010446707556e+01
-7.6196554377841483e+00
1.3690654766633168e+01
-4.2696572265232689e+01
-4.5952697005325218e+00
1.2702157479345853e+01
-4.6002243064995234e+01
1.2605460544917957e+00
1.9467643581699804e+01
-4.4427386843771359e+01
-6.4434474717296126e+00
1.6211131525729844e+01
-4.0668267142201103e+01
9.1004072537794334e-01
1.9256038506714582e+01
-4.5240514441718233e+01
-6.8722692666918075e+00
1.3826754743900805e+01
-4.2963624938076002e+01
2.5793555648901614e+00
-2.2798149317056784e-01
-1.9762104006014113e+01
3.1629584259611772e+00
-2.4715116320381925e+00
-1.9529156318903379e+01
5.2720100399291325e-01
-5.7265915353086994e-01
-1.9927270425816030e+01
6.5191851739529028e-01
4.8667705149944521e-02
-1.9785113699716366e+01
-3.1487431847961056e+00
2.6895975748251120e+00
-2.6036812775309556e+01
5.0789601194483511e+00
-3.9882563031743690e-01
-2.1369776421821612e+01
1.3902754745359310e+01
3.6605582271062781e-01
-2.9331709595026908e+01
1.5388603629179547e+00
-3.2751816144418524e+00
-1.9348414882214652e+01
1.2412535951240214e+01
4.5744907311072298e+00
-3.1667345422435933e+01
1.3525390612846666e+00
-8.6352780157257641e-03
-1.9580473165561958e+01
2.1767540795831839e+00
-1.0568769061021055e+00
-1.9833743948214721e+01
4.7799998118118620e-01
-4.8351305228731295e-01
-1.9756931014410398e+01
1.8647243611387696e+00
-9.1493429611744018e-02
-1.9275342116037066e+01
-2.0238236583679961e-01
-1.5129890119890224e-01
-2.0058051502782163e+01
1.4090716443394303e+01
-9.5557537735988196e-01
-2.9742945594585173e+01
2.1924172452986497e+00
7.5932010463713770e-02
-1.9703417011648220e+01
-8.0907695092005998e+00
3.0561930236589028e+00
-3.6604023113061366e+01
-8.3529381922062935e+00
2.8816280990942160e+00
-3.5577357724162702e+01
-8.8142560798787741e+00
3.0584880471164921e+00
-3.7434478962742745e+01
-7.5933106362351204e+00
1.4095084351017547e+01
-4.2037773743388257e+01
-7.7106009393452828e+00
9.4340989674010416e+00
-4.5391448692014471e+01
-7.1797288274337827e+00
7.8365043129348724e+00
-4.2936084139851332e+01
-1.1235352383572621e+01
3.1454512033295954e+00
-3.7987297537993193e+01
-1.1083309726599607e+01
8.1683661502078291e+00
-4.2923672312372119e+01
-9.0676501152778677e+00
1.3287531754475031e+01
-4.1312295121515369e+01
-7.9013117403741191e+00
3.0131506850659782e+00
-3.5466097815864302e+01
-1.4773417773073087e+01
1.1654485988088641e+01
-4.4589090289553148e+01
-1.5355399572968976e+01
1.2356450668075363e+01
-3.8264551298827591e+01
-6.8791291155887269e+00
1.4414670365930679e+01
-4.2324479606553297e+01
-1.8284624904886535e+01
1.3452033528022305e+01
-4.7148504348585902e+01
-7.3055133881629981e+00
1.4587139068908630e+01
-4.1789362288320795e+01
-6.9298207722069272e+00
1.3161265817001627e+01
-4.1706791905721978e+01
-6.9397072880228929e+00
1.4352008802599707e+01
-4.2443927158086439e+01
-8.2010431917324649e+00
1.4229195859334622e+01
-4.1234824399568552e+01
-1.4505357006892798e+00
-3.7636741434306098e-01
-2.1144115290025372e+01
-1.0155864225009205e+01
1.1843843557592745e+01
-4.2341538475991022e+01
-1.2550140778060666e+01
1.3123271394612285e+01
-3.9150633016251490e+01
-9.9190858482134576e+00
1.1327989824563879e+01
-4.2741787066491327e+01
-6.8644740332389409e+00
1.4357207989720768e+01
-4.2198300708419552e+01
-2.3873976740165705e+00
-8.0217714263074527e+00
-2.1526084354607715e+01
-4.8632909014543433e+00
-6.7808067073429008e+00
-2.2530919182273607e+01
-2.9005531184456648e+00
-7.7475217389360704e+00
-2.0800605143388708e+01
-3.6473024712456636e+00
-7.6806353122684836e+00
-2.1313004053965926e+01
-3.1559021885115275e+00
-7.9122565962361717e+00
-2.1511970844624205e+01
5.6303526333079490e-01
1.6838050257435599e-01
-1.9650457769062424e+01
-2.9734904741830777e+00
-7.5259843187346140e+00
-2.1376785975734723e+01
-3.2548536274591791e+00
-7.4503448724398220e+00
-2.1446363584652694e+01
-3.4169376238744555e+00
-7.8901069386154665e+00
-2.1632308363981604e+01
-2.3596329273228562e+00
-3.3008713389564379e+00
-2.2606363224265284e+01
8.4575122987669649e-01
1.8566951357004011e+00
-2.0215127430005914e+01
-4.8230222170078224e-01
-3.4852688839526951e+00
-2.0643329215747254e+01
-9.8135204596887906e+00
1.2948322100825379e+01
-4.1443505667409234e+01
-1.0700450767100959e+01
1.1611101754362668e+01
-4.1612664784648324e+01
-1.0986778161756472e+01
1.1410174553157280e+01
-4.2439387368218888e+01
-2.4945674897954337e+01
3.1805341186883425e+00
-4.1883368783249040e+01
-8.9890284400390197e+00
1.5375572590204085e+01
-3.9356750131247338e+01
-1.3888048208430245e+01
1.1720483682747377e+01
-4.4637472308275719e+01
-6.4041030214523547e+00
1.4945175275944207e+01
-4.1942298962775972e+01
-7.5973572974886467e+00
1.4514762406359294e+01
-4.1705254095910497e+01
-8.1819256692116653e+00
1.3393438082710185e+01
-4.2102044375985486e+01
-8.3753593297162698e+00
1.4846444372057585e+01
-4.4495287955955177e+01
-9.0105875076791957e+00
1.2817553345909449e+01
-4.1805822429948797e+01
-1.6765256378888033e+01
8.7073933677895852e+00
-4.4993137713208725e+01
-7.6496290777285330e+00
1.4511791262302200e+01
-4.1300905549562358e+01
-1.3949453951007438e+01
1.0203152111031901e+01
-4.5845705888122204e+01
-1.0154722732941902e+01
1.2019482603971923e+01
-4.2375846511480518e+01
-1.1863013093503831e+01
1.3283055809361979e+01
-3.9254905903115279e+01
-1.6714497260796914e+01
1.2616878149573871e+01
-3.7506995555469075e+01
-9.6167811018345137e+00
1.1712109698923857e+01
-4.2655081738668677e+01
1.3556772502992562e-01
-4.4964569739053228e-01
-1.9946779223748930e+01
-1.8890992468162700e+01
1.3146399059291522e+01
-4.8121321416865982e+01
-6.7089408885134976e+00
1.3664058649167874e+01
-4.2647878269810171e+01
-1.2130395974969801e+01
1.2039275693740150e+01
-3.9952528628199659e+01
-8.0558200091271068e+00
1.4022853040456676e+01
-4.1540005518411213e+01
1.3851746205921886e+01
2.6991110273385886e-02
-3.0006630726137075e+01
-1.0174642235987177e+01
7.3305607188254260e+00
-4.2721884846479242e+01
-1.2297099266993161e+01
1.4386706462009775e+01
-3.7569224198549875e+01
-1.2358297852313184e+01
1.4234808422635234e+01
-3.7808987979315880e+01
-1.1825996873194816e+01
1.3255591198389917e+01
-3.9219772138067633e+01
-1.2393538919255908e+01
1.2296661091755299e+01
-4.4721733152522745e+01
-9.3294978301092026e+00
1.3907063857627207e+01
-4.0586149667700425e+01
-9.8585354689960241e+00
1.5138423235967506e+01
-3.8951141624004308e+01
-8.0578212869311994e+00
3.8937498222652360e+00
-3.6941662687179821e+01
-9.8577815789556631e+00
8.1037648443797750e+00
-4.3567694550284216e+01
-1.5135897420735402e+01
6.0367143365178579e+00
-4.2732722887538159e+01
-1.3043384066061909e+01
5.5954158056735350e+00
-3.9756906549554259e+01
-1.4067267406874089e+01
4.7651815978044239e+00
-3.8750038415422665e+01
-1.1776801690251952e+01
1.0316481697760848e+01
-4.2132918097258184e+01
-1.3523499575571213e+01
5.0536553681382550e+00
-3.8997818689892121e+01
-1.3620764976420253e+01
6.0275632658033578e+00
-4.1781057305972034e+01
-9.4425279192984721e+00
7.3989338104850910e+00
-4.2771061182400132e+01
-1.2715673025482065e+01
5.0624534270188386e+00
-3.8841470986092936e+01
-1.1986201473333228e+01
1.0786897680765648e+01
-4.1942861555251170e+01
-9.5264714680167089e+00
1.3924479390901013e+01
-4.0477131983341643e+01
-1.4343439514392545e+01
7.3447138336611602e+00
-4.2080958490684743e+01
-1.0492900553405303e+01
1.3980505042934716e+01
-4.0739193060335616e+01
-9.6267065050227583e+00
1.2150397740645499e+01
-4.2219265714749760e+01
-9.3897616031370781e+00
1.3964209474382390e+01
-4.0674295683946852e+01
-1.2340608648266343e+01
1.0199078042768955e+01
-4.2533850195886345e+01
4.1875100302406940e+00
8.5642870475873434e-01
-2.0651165036823624e+01
4.0383562136337954e+00
7.2788930397279095e-01
-2.0508338982366617e+01
4.6748198184207581e+00
1.7322842960783631e-02
-2.1702777017485417e+01
2.2576871537185289e-01
-2.6527486171272994e+00
-1.9272641871685313e+01
8.2064333227434076e+00
1.3835683594396402e+01
-5.0240997525091331e+01
1.3353727576949220e+01
2.5461171960522098e+00
-2.9786478204869976e+01
-8.7310252939973054e-01
1.6792635338460189e+00
-2.1157799543713327e+01
-1.0998851807845147e+00
1.7189258102116154e+00
-2.1486123261916308e+01
2.7319512600913005e+00
7.7842193987513564e-01
-1.9757204083675955e+01
2.9288016776684334e+00
4.1393342536793493e-01
-1.9988434116823306e+01
1.2261079835685555e+00
1.7605415418126820e+00
-1.9668692717741912e+01
4.4068357225921586e+00
-1.1331294923577970e+00
-2.0887325955179243e+01
3.4941074172050546e+00
1.6618829969535120e+01
-5.0966077611124852e+01
-5.4718597467914698e+00
1.3834182809908683e+01
-4.4507966766168771e+01
-7.8670426482121947e+00
1.3408623908352888e+01
-4.2393363492815219e+01
-1.2889423430927577e+01
5.2082126763679337e+00
-3.9069744358277674e+01
-8.7171388869123589e+00
6.8504269405944180e+00
-4.1712863094178559e+01
6.7878456761809369e+00
1.3846596814278501e+01
-5.0338865299597593e+01
9.9827077225552365e+00
1.3390065519572369e+01
-5.0169593885366339e+01
9.9827077225552365e+00
1.3390065519572369e+01
-5.0169593885366339e+01
7.4908879165675470e+00
1.4158997001631931e+01
-5.0826743670511895e+01
4.0447252755536081e+00
1.7335778616785610e+01
-5.0842781593418188e+01
1.0211788595930082e+01
1.9809928280740689e+01
-5.3016123665880990e+01
3.7850374697108919e+00
1.6439032135007725e+01
-5.3291110559319634e+01
4.8729519000795722e+00
1.7599043451597776e+01
-4.9730024735824124e+01
6.8642016099983671e-01
1.6075927896848825e+01
-4.8604337468836633e+01
-6.5362783376992128e+00
1.5603800679321120e+01
-3.9808679019995836e+01
-5.2028465963273183e+00
1.5477767959631233e+01
-4.2661629458509900e+01
-6.4283840536317607e+00
1.3939853201456168e+01
-4.2963196048127898e+01
-2.4896498372340745e+00
1.7041546482649689e+01
-4.3965560466223735e+01
-4.3207454775941461e+00
1.4602834581586047e+01
-4.4462475215969747e+01
2.6521801189503185e+00
1.9527116935653478e+01
-4.4194570470620093e+01
1.6072162296867554e+00
1.9974405068228023e+01
-4.3946860525860075e+01
4.3599854974278021e+00
1.6564595827327906e+01
-5.1202775612247947e+01
3.2188730749767478e+00
1.7637293786204001e+01
-5.1456224471117913e+01
-1.0512946292682003e+01
1.2571860135837344e+01
-4.1382647910490299e+01
-1.1781700760542723e+01
1.1529480405843914e+01
-4.5392772091911354e+01
-1.7701918349612498e+00
9.8340802695148994e+00
-4.5518942343869057e+01
-3.1287047244342374e+00
-7.7711575431560787e-01
-2.1635778518702544e+01
-2.8896052678485820e+00
-8.7181183509467497e-01
-2.1533499244286382e+01
-2.9002180978911061e+00
-7.6276326026578607e+00
-2.1237335506650567e+01
-3.6423360725645601e-02
-2.9681169014594339e-01
-2.0137927696474431e+01
7.0525203140910264e-01
1.2733139169258805e+00
-2.0038501777036284e+01
4.0386435767750841e+00
-2.2178629681560440e+00
-1.9898540059707887e+01
-6.2827738031652167e+00
1.4516577793922457e+01
-4.2823205863327139e+01
-1.6210743458232682e-01
1.7031998093896238e+01
-4.6036765948510123e+01
9.6393715163145863e+00
2.0673420228320477e+01
-5.1104991593086218e+01
2.9544059405288867e+00
2.1659224511816477e+00
-2.0761657859206110e+01
1.7667381590262123e+00
-1.2274286913172820e-01
-1.9624614409645758e+01
2.8266082168330553e+00
-1.7704620155638526e-01
-1.9791855744332583e+01
2.2471509197043900e+00
-2.0077264186792889e+00
-1.9666377509750848e+01
3.8989827609659238e+00
-3.0539314261294099e+00
-2.0088850009807146e+01
3.8989827609659238e+00
-3.0539314261294099e+00
-2.0088850009807146e+01
2.8514861042123258e+00
2.0075414215582770e+00
-2.0436804973717461e+01
1.5594400245093729e+00
-1.4443791967627320e-01
-1.9674592180656486e+01
6.0109640520982999e-01
-2.2234175838456505e-01
-1.9830897058733338e+01
1.4455225529991977e+00
-4.9739917179390503e-01
-1.9652991493552634e+01
2.3093758109596552e+00
-8.0478460782992201e-01
-1.9864129433427681e+01
2.0604615185010311e+00
-1.0121671622326065e+00
-1.9760286038219871e+01
-6.7171964388932481e-01
-2.6469638530713246e+00
-1.9666562834133227e+01
1.3661009410000151e+00
-3.4826788168392566e+00
-1.9745956072437764e+01
5.2546297118728820e+00
-5.0075362875346610e+00
-2.1917747424237742e+01
7.7009394988434055e-01
-2.7910749683808840e+00
-1.9100262149353014e+01
1.5814944038649061e+01
2.2564948690683046e+01
-5.8405720828449446e+01
5.1787585724743108e+00
1.8276266671535588e+01
-4.9589620243624040e+01
-4.8187661624594941e-01
-3.5972427414090862e+00
-2.0618956084354423e+01
-1.2115464827079194e+01
1.0817022436437783e+01
-4.1910659173132657e+01
2.9617408199952927e-01
-9.4481556024554092e-01
-1.9988020441602210e+01
7.5944011703866943e-02
2.1254238470182879e-01
-2.0029741473700021e+01
1.8857936584225672e+00
-4.8239160690608074e-01
-1.9735434142594720e+01
-9.9411943719400586e+00
3.4447990099765060e+00
-3.8220387101439215e+01
-1.2128704901160010e+01
1.0589051056478295e+01
-4.1543970536416253e+01
-1.2480246781442352e+01
1.1465728990717285e+01
-4.4529622289175506e+01
-1.2308418933175293e+01
1.1349171657686005e+01
-4.1459737090719543e+01
-1.1567954831489136e+01
1.0475461165390543e+01
-4.2180758578369229e+01
-1.1862079534977934e+01
1.1056398668685018e+01
-4.2779584619804105e+01
-1.0642652716910499e+01
1.5090781037829723e+01
-4.2877480329567604e+01
-1.4888342604625942e+01
1.3262737664741682e+01
-3.7323271823142804e+01
-8.9135100203096691e+00
1.6164765630398509e+01
-4.9726291214651880e+01
-5.4786240012764154e+00
1.3785111954116196e+01
-4.4522180831619160e+01
7.7692960054325004e+00
1.9132502550269113e+01
-6.1323898906052335e+01
7.9804893425190038e+00
1.7328110502856475e+01
-5.4498524151053658e+01
1.3233783747510866e+01
1.2051449809193103e+01
-3.6639841486103940e+01
9.9165308982540914e+00
1.9235161606898249e+01
-5.5000807546460521e+01
1.3761911318037583e+01
2.0767114052104652e+01
-5.8138757384913859e+01
1.7065576058436405e+00
-1.1046230683641765e+00
-1.9903127459842043e+01
3.2850083239511347e+00
-5.9838342106985243e-01
-2.0118013367772164e+01
1.7376522685211411e+00
1.7015271681165520e+00
-2.0000596269805470e+01
1.8837901585776493e+00
-1.1386752367114326e+00
-1.9908982214864857e+01
6.5002051482525258e-01
-2.7267300038296471e+00
-1.9187701286381579e+01
1.3018885757539984e+01
2.7538101366142786e+00
-3.0697987377058414e+01
2.9784864544804091e+00
-7.2277220158548372e-01
-2.0004342488746271e+01
4.7371394485475724e+00
-2.1721472213572546e+00
-1.9983554265199352e+01
3.9393605589832950e+00
-2.1963715273984468e+00
-1.9992587086605852e+01
-1.7800941785317098e-01
-3.3008890691876243e+00
-2.0030786520721200e+01
1.1200285681068884e+00
1.1659041058167385e+00
-1.9827826905767893e+01
1.3452845796552936e+01
2.2869506857116990e+00
-2.9464275270206951e+01
7.6308103471626665e-01
-1.9065930162904989e+00
-1.9639526030355491e+01
2.9277998181320632e+00
-8.2155872707096755e-01
-2.0055074341313034e+01
3.0108698063957187e+00
1.8904973614425252e+01
-4.7116679648172720e+01
1.9330781655989513e+00
-9.5653929405561999e-01
-1.9924226830551898e+01
2.7407688615620733e+00
-1.0806972586659844e+00
-2.0120527606667466e+01
1.2960399915745061e+01
3.3996625966652330e+00
-3.0315456219030036e+01
1.4256480405752821e+01
-4.7109567928753293e-01
-2.9653359863249108e+01
1.8363461005150949e+00
-1.0734896051010323e+00
-1.9863575542747295e+01
1.4265505087270793e+00
-8.2740615723864686e-01
-1.9815608195550126e+01
1.4354781853199865e+01
-1.6520637083952825e+00
-2.9604696144226249e+01
1.3138094032011717e+01
3.7698974337728206e+00
-2.9725280543983658e+01
2.9989402192579369e+00
7.0735870031863490e-01
-2.0020546366549080e+01
4.1349759171516070e+00
-3.8360404369938710e+00
-2.1098184358922662e+01
2.3358423379845843e+00
-7.6310900467168419e-01
-1.9851106381762179e+01
1.2863190772867910e+01
2.3157059806683264e+01
-5.4492558263934242e+01
1.3172160334969822e+01
3.7799534981878877e+00
-2.9768234585009541e+01
9.3279817576996695e+00
1.9038496019749356e+01
-5.4804719240348319e+01
2.3985730509016490e+00
-3.0562404308007136e+00
-1.9201357079966886e+01
7.5512562479155108e+00
1.7693008558190456e+01
-5.2852650724727972e+01
1.4752963492973176e+01
2.1277668409378101e+01
-5.8536059028544599e+01
1.4678715138471194e+01
2.2932747274425967e+01
-5.6768730692135982e+01
1.4927400180665934e+01
2.2225636146871480e+01
-5.7962027027166094e+01
1.4421136339062906e+01
-1.4385480301755298e+00
-3.0050166200846391e+01
2.2494367963931161e+00
-2.0011632683939884e+00
-1.9641976555708844e+01
2.0212078030399283e+00
-4.6211256521664762e-01
-1.9712601435709512e+01
1.4984181436229159e+01
2.3847016968913934e+01
-5.6502153917243419e+01
1.3689563696549479e+01
2.3608452747045952e+01
-5.4873615702867866e+01
1.4791561001498618e+01
2.2301594115000192e+01
-5.7451571924745245e+01
1.3012824525128557e+00
-1.8618140348587984e+00
-1.9506562488497007e+01
2.4267837283991804e+00
-6.0080660905912420e-01
-1.9790842058891720e+01
1.3443458363218861e+01
1.0667899963638837e+01
-3.8730171947919764e+01
1.2443294229131414e+01
5.2586998673563974e+00
-3.1138299555535610e+01
8.1978477906486313e-01
-1.0986624655487534e+00
-1.9980980513952801e+01
3.5955807614110702e+00
-2.4461143800602962e+00
-1.9654260696425546e+01
2.6562532705685760e+00
-3.9888834604684131e-01
-1.9775084634168223e+01
1.3209228413641894e+01
1.2261667277555263e+01
-3.6635214327188407e+01
1.4245868571467822e+01
-1.1172199653742581e+00
-2.9660682393081487e+01
1.3314041213279486e+01
1.0445721169044266e+01
-3.8328193166440975e+01
1.0276062104467205e+00
-6.9408521822898184e-01
-1.9805631999835800e+01
4.0642321725362479e-01
-1.7801943123358455e+00
-1.9749667649668545e+01
2.8079592975273835e+00
-1.0303604185810917e+00
-2.0092968969401014e+01
8.2962675077304759e-01
-1.1047056706111602e+00
-1.9970736084880354e+01
1.3961744725241832e+01
2.3485546514809961e+01
-5.5477000049466703e+01
1.2575918743486204e+01
5.4987408638377762e+00
-3.0164689575176716e+01
2.8685432402913382e+00
-6.1293519773005900e-01
-1.9947628183428680e+01
1.3326998879416170e+01
1.0339670369948429e+01
-3.8275232371575683e+01
3.2778115519249984e+00
-2.4888666805335302e+00
-1.9492677035381153e+01
8.9126771474569289e+00
1.8110915844590917e+01
-5.4122984359094026e+01
1.3132916992676606e+01
3.0457805690780626e+00
-2.9935856372779551e+01
7.2414013284630672e+00
1.8847992326804572e+01
-4.3229950758092144e+01
-2.1543700180300109e+00
2.8358323354321624e+00
-2.5089898703326945e+01
-4.7038733177387199e-01
-2.3319750621055357e+00
-1.9687831304379880e+01
-1.7842686282023170e+00
-1.6882630896913327e+00
-2.0522359814640946e+01
2.5301705531955028e+00
-3.8031803136810445e+00
-2.0028732171443110e+01
1.2529269285029551e+01
6.5027218971993710e+00
-3.0202182152798567e+01
-2.3685969443020531e+00
8.0959297475203551e-01
-2.2649736504758373e+01
-3.1189662402468948e-01
-1.0702103482370164e+00
-1.9898253437089593e+01
7.8552075755934070e-01
-1.9807214038032164e+00
-1.9666537832264662e+01
-8.5324520275145599e-01
-2.3665152552752389e+00
-1.9573913306261819e+01
2.3177593858625065e+00
-4.7106461719167712e+00
-2.0948287612778156e+01
