-1.7979202813057382e-02
1.4615918635350724e-03
1.0325152184925532e-02
6.2041933748561773e-01
-2.2226131541904201e-01
-2.7639013652348656e+00
1.5107711540717191e+03
-4.9972197200096624e-01
5.1099729734344146e-01
1.4592705739993741e-02
-2.0363529848005238e-01
-2.8739752818445075e-01
-1.3191463053865511e+00
2.7583038247765462e-02
-1.3154344239383482e+00
1.4174593942341432e+03
-3.0416440369461178e-01
3.3297581205180748e-01
-3.1906613848616516e-01
3.0039934793478867e-01
2.3093726314641541e-01
7.4410193857914519e+00
6.7904761921039807e+00
-4.0906033021109725e+00
1.5921249297674872e+03
1.5874830112764501e-01
-1.5797547132113838e+00
-5.0184995847561087e-01
4.1980594244210806e-01
3.7870787589965593e-01
8.1887666289265546e+00
5.4207302291885444e+00
-1.4397483761574591e+01
1.5826792343731188e+03
-1.0091322399811520e+00
-8.5365346732183866e+01
-5.4245111407912106e-01
1.8259808418074789e-02
-1.6919261196293391e+00
4.7003863789337746e-01
-3.8916846380795205e+00
2.1833963704000209e-01
8.1041756840644803e+02
3.3823383511598138e-03
1.0118013162315510e-02
-4.7032101045325220e-01
-1.3111736542630337e-01
-8.4114970448899967e-03
7.0388748651985287e+00
-4.5574213763975047e-01
-2.8936958706695375e+00
1.5966815769582954e+03
-5.2961099431114433e-02
-1.3934597711198343e-01
-7.6006079646147848e-02
3.2522154605651005e-01
2.8567956416593504e-01
6.6679781015298429e+00
2.3734970217098557e+00
-5.0219099214555065e+00
1.8286020402354413e+03
-3.6830523555631817e-01
1.5121282602675172e+00
1.2715427982889410e-02
1.7011376644406334e-01
1.7288533615939400e-01
2.8441021106220985e+00
1.4324511859319116e+00
-3.3079273541280783e+00
1.4466071578520393e+03
3.1242638687467011e-01
-1.8221776493628952e+00
-3.0445724306345479e-01
2.4863120846518588e-01
1.8675388852147165e-01
7.8990382702738975e+00
5.8160262042345563e+00
-3.2915145107372430e+00
1.2329390385601714e+03
-5.2771774190170907e-02
2.2731944513366295e-01
-2.3599776533850464e-01
4.3495263126787770e-01
2.8583617305131154e-01
8.9480442578280144e+00
7.2909385657019730e+00
-1.3943351524170087e+00
1.1890498290927260e+03
5.7577720923550224e-01
-4.4833324346704542e+00
9.8522280600993301e-02
4.3786027631274475e-02
1.0195406157055721e-01
4.4129864874700186e-01
-6.5334574180222504e-01
3.3452199396332716e-01
1.5345469204293067e+03
-4.4836371198091107e-01
1.0619094497183106e+00
-5.5895946450138878e-01
-1.1909322121560910e-01
9.4633838200393512e-03
-1.5279470387805866e-01
-1.4734567943472425e+00
-2.1221695253743800e+00
1.2970473794219965e+03
-1.7324781852123404e-02
-1.1258575739653739e-01
-9.7008016839989802e-02
1.8878473616188735e-01
2.5726335009474838e-01
4.2481301749920037e+00
2.9558590008598995e+00
-2.2773973860077508e+00
1.5479457340116192e+03
4.6728535488172858e-02
1.0581149080074725e+00
-2.6056561711825132e-01
-5.4588896832230983e-02
7.5711472127432705e-02
6.2407092492366933e+00
7.8234835624610943e-01
-3.5987664810950464e+00
1.3123561807680983e+03
-7.4309970770366690e-02
-1.5846396474932917e-01
-5.2408505203983302e-01
-9.5417568357270915e-02
2.1841758820092361e-02
5.8360554671924554e+00
-7.6550305143633424e-01
-2.7124338315550025e+00
1.5582497411332920e+03
-1.9073894231985147e-02
-1.0033688066503052e-01
5.3470406838307498e-02
2.9085587847537901e-03
1.0584837269011947e-01
3.6840488249089165e-01
2.4733566449161363e-02
-1.4809383303341901e+00
1.8859232316373391e+03
-1.1604543001015979e-02
-1.2821522417896952e-01
-1.1899084294421003e+01
1.2473606306758047e+01
-3.8947772244493443e+01
6.7400401115944337e+00
3.4026755681777449e-01
-2.4900862675542641e+01
1.3152231560679263e+01
3.7964020014867441e+00
-2.9571422171246603e+01
1.3204187739872712e+01
3.5547923715813723e+00
-2.9655520229559450e+01
1.4592296126008764e+01
2.4802153161083680e+01
-5.5497950528422663e+01
-3.7153970618182269e-01
2.1886227950483623e+00
-2.1903786375387362e+01
