-1.4067647467719342e-02
-1.0083597067127520e-02
1.2732135595649216e-02
3.1009151363500620e-01
-4.9105120314633649e-01
-3.9754377988589553e+00
1.4929088555134915e+03
-1.8706933499895623e-01
1.9544640009612849e-01
1.1114788971895719e-02
-2.1357296520203628e-01
-2.8154459868614284e-01
-1.6367878949775050e+00
-2.9206671071486945e-04
-4.0985734384454107e+00
1.5007080581999148e+03
-1.8155600597935889e-01
1.7482677730184010e-01
-3.2948110032371197e-01
3.1418683203883374e-01
2.6116015617095106e-01
8.6639078575158752e+00
7.5818230210384945e+00
-6.3789584175762615e+00
1.7219538473385815e+03
-2.3274925746506309e-01
1.9433647710105684e-01
-5.0485338204062613e-01
4.3648191711651907e-01
2.9899594104880400e-01
9.0914216228615121e+00
6.3365279522732880e+00
-1.0779627338009803e+01
1.7398659607320758e+03
-1.5718369313431119e-01
2.2105346058087072e-01
-5.3001201483401217e-01
1.0024245953155202e-02
-1.6653814436518612e+00
-1.7863298630363983e-01
-4.7895164121797222e+00
-1.3791951435708949e+00
8.2242346287213559e+02
1.0390859142767888e-02
-9.7202121095788865e-03
-4.3585136052375534e-01
-1.0709677814856437e-01
3.0579130505824878e-02
8.1226367294928412e+00
-1.7892798552827154e+00
-6.4879162155541890e+00
1.7416111948507539e+03
-1.5193823537182910e-01
1.9187894238242698e-01
-9.0461376767027216e-02
2.9929238206694120e-01
3.0997690055252697e-01
6.4259258532497086e+00
2.6321680328399730e+00
-1.0069530691246323e+01
2.0700796589167057e+03
-6.4594701378732022e-02
-6.2177816768417202e-02
1.4550298268900841e-02
1.2889583857634809e-01
1.8407068417509032e-01
2.0525363501686131e+00
1.1704787576055944e+00
-3.2989327861325797e+00
1.4612202139175668e+03
-1.5354538986754970e-01
1.0740176725574081e-01
-3.2265904969512943e-01
2.3694375693490979e-01
2.3464692483447949e-01
7.7087109583320137e+00
6.3182481012688507e+00
-4.9590962500897318e+00
1.3674837006027117e+03
-2.6190758158342176e-01
4.2174750438385677e-01
-2.7151734379478176e-01
3.9210497230790575e-01
3.4709472941295316e-01
8.2799085982185208e+00
8.6325397604434624e+00
-8.9150250819985075e+00
1.5077448790492606e+03
-2.4607585155109429e-01
5.6940810675687448e-01
7.5037970995112682e-02
3.6469409202274580e-02
1.0507557792255359e-01
1.0137062471985257e-01
-2.7490746928826715e-01
-3.4198872431548417e+00
1.6942384080813185e+03
-8.9069433972877227e-02
9.7365432405227270e-02
-5.3266299882094947e-01
-1.3597352414446617e-01
3.0598909146183861e-02
-9.6720364716815277e-02
-2.6472127136313226e+00
-3.4749218228078957e+00
1.3433521379841263e+03
-1.7008621391601492e-01
1.4875962473774174e-01
-1.0585093286536339e-01
1.8663892654841172e-01
2.5852123923932313e-01
4.1406834731698572e+00
3.2076121595720202e+00
-3.2047228321411585e+00
1.7233367379430681e+03
-1.6552244723512061e-01
9.6569017298097942e-02
-2.4022762785270727e-01
-4.5388368338154246e-02
9.7037475905366738e-02
6.8847328850751106e+00
3.7613207094806644e-02
-6.5097021065519431e+00
1.3969324587375897e+03
-1.0318328487038089e-01
4.2276610244452215e-02
-4.8955748545986627e-01
-6.7642324419254746e-02
5.9259970391802912e-02
7.5253149408884941e+00
-2.0269543053131334e+00
-6.4693927704090832e+00
1.6895762517746628e+03
-8.6301109639885160e-02
2.8058391596339952e-02
5.2391942123939085e-02
-1.7479961269820161e-02
1.1223472552212392e-01
-1.4869075675970192e-01
-1.9532918334274690e-01
-3.5203760374681572e+00
1.9969332271870983e+03
-4.5653968318855265e-02
-4.0511153423290515e-02
-1.1846077846560670e+01
1.2579901191042413e+01
-3.8450947260437360e+01
7.0731365417826897e+00
4.8781010176046680e-01
-2.5501862064003632e+01
1.4094614946443558e+01
4.1603413870000496e+00
-3.1994101053584330e+01
1.4136390188112587e+01
3.9015440467247458e+00
-3.2095656617123538e+01
1.2935646517698858e+01
2.2410910226823706e+01
-5.1533182252810214e+01
-2.3501700540681916e-01
2.5500887144904105e+00
-2.2338778061325851e+01
6.5759092553737384e+00
1.3204371148954417e+01
-4.8325430040608317e+01
1.5478267810362417e-03
1.9284576031847516e+00
-2.1919809458310162e+01
-9.9017498950423144e-01
2.6193593495763872e+00
-2.2990363672496894e+01
-9.1532728534744709e+00
1.3983043080082389e+01
-3.9819326143479181e+01
7.1068648697955519e+00
1.8733011058296665e+01
-4.9746348184036563e+01
-1.0032609147394991e+01
1.2715659355982979e+01
-4.0440505693988570e+01
-4.6366545402005457e+00
-8.0367863683538268e+00
-2.2896688124038860e+01
-9.9533552456976775e+00
1.3328454750814972e+01
-3.9624977794347927e+01
-1.4273233089081632e+01
8.0424533212168186e+00
-4.0429687627560412e+01
-1.2594723595914452e+01
1.0651983798335490e+01
-4.0290079614150677e+01
-1.1871069937878650e+01
1.1209152963535939e+01
-4.0329865063354546e+01
-1.5847712877963639e+01
1.3343812346273573e+01
-3.5678412909586278e+01
-1.2877791065259036e+01
1.3410658841621576e+01
-3.7027954810657263e+01
-1.5210205555251614e+01
1.0944397022084528e+01
-3.7912046826447018e+01
-1.6253472859113721e+01
9.6899481144152180e+00
-3.8171391779459661e+01
-1.6109657993851336e+01
9.4724397968799234e+00
-3.8548588227801588e+01
-1.4110096204231107e+01
1.2833059717434326e+01
-3.6839524060834108e+01
-1.3002309072595402e+01
1.2958197744262458e+01
-3.7573085338977450e+01
-1.5250638993868055e+01
1.1836619923405534e+01
-3.6972929285789853e+01
-1.2807376573022177e+01
1.3365779045684752e+01
-3.7338030890323765e+01
-1.4812158764180918e+01
1.2575383774545964e+01
-3.6558526303376063e+01
-1.3513669550794276e+01
1.1692316929946944e+01
-3.7841223624618657e+01
-1.1826834707595168e+01
1.1391238248268417e+01
-4.0085920379732478e+01
4.5986865792905833e+00
-3.4920991880857222e+00
-2.2179831527660024e+01
-7.4747958488860125e+00
1.5002314604335742e+01
-4.0335265799614270e+01
-1.3913454352724099e+01
1.1476181267214228e+01
-3.8265929178337835e+01
-1.1741282478205504e+01
1.1887706008842809e+01
-3.9749183169029628e+01
-1.1319267450961345e+01
1.3541600499582444e+01
-3.8422113103440466e+01
-1.2890854887568050e+01
1.3245347595942672e+01
-3.7265160333561369e+01
-1.0272711390365323e+01
1.3228125054370430e+01
-3.9632257096225537e+01
-1.0208086620422721e+01
1.3354473530980290e+01
-3.9585078989475889e+01
-1.4462335884383732e+01
1.0340423252492513e+01
-4.0512020449182742e+01
-1.5286978203004006e+01
1.3198691128753214e+01
-3.5495665723747813e+01
-1.0697823901000067e+01
1.5137224765040228e+01
-3.7258458106667035e+01
-3.8531063104810759e+00
1.7062591006365622e+01
-4.1428096847673331e+01
-3.5884332028730331e-01
1.8810406282502221e+01
-4.2694594685302654e+01
4.6552508379424680e+00
2.0457366037837936e+01
-4.5931886755647376e+01
-4.1350515168071693e+00
1.7489335062254522e+01
-4.0799545428059638e+01
-6.5860207058760052e+00
1.6583191599404596e+01
-3.9445211819572357e+01
1.8766211964195734e+00
1.9997767247464047e+01
-4.3988756673818031e+01
2.4918683936684016e+00
1.6162728203434845e-01
-2.1247610533243328e+01
1.1070558451032939e+00
2.3376595156058539e+00
-2.1531488434851017e+01
-2.4002694700876299e+00
3.0737042421585370e+00
-2.6242101468974855e+01
1.3232525739518273e+01
6.1882452374333656e+00
-3.2566405045032838e+01
-2.9599712657726240e-03
3.4105922098169761e+00
-2.2984689706836011e+01
3.1292394486687680e+00
2.2744092634878919e+00
-2.2117307383268429e+01
1.8817464339807470e+00
2.0629087398912453e+00
-2.1625092619365521e+01
1.1454522667038831e+00
2.0898322950939203e+00
-2.1691405618459370e+01
7.2152652764061420e+00
1.8643100230751699e+01
-4.9948364157509886e+01
-5.4258348917784825e-02
3.0990946365049519e+00
-2.2770846113597827e+01
5.1089332674729582e-01
1.7822589902474548e+00
-2.1659654972208884e+01
7.2078325409612676e+00
1.8636228801840257e+01
-4.9934447007163151e+01
1.3640125506194900e+01
1.1225020535469501e+01
-3.8359913785745277e+01
7.1916710024150667e+00
1.7507893545773069e+01
-5.1142132824088335e+01
-1.2535518049440819e+00
9.4296348707693811e-01
-2.2517769958744786e+01
4.6171090938290016e-01
1.5910590914760421e+01
-4.6481099541227110e+01
1.3002151599738376e+01
6.0677715413990958e+00
-3.3089268092516157e+01
2.2898721804306726e-01
-1.8568717332754190e+00
-2.1329492378931885e+01
-2.3859251484524653e+00
-3.1789833831698835e+00
-2.3074605735756194e+01
2.4021971356908742e+00
-3.3043929281880309e+00
-2.0852989812937455e+01
2.0057448546046528e+00
1.9371044042507046e+00
-2.1543408420901169e+01
6.1696395860370445e-01
-6.2851965210548555e-01
-2.1482635415461719e+01
7.0703865508317243e-01
-1.3260954940041521e+00
-2.1504282804544989e+01
1.3762523660949059e+01
5.6501926120814758e+00
-3.1732603720997119e+01
1.5662271797513736e+00
-7.3617647367115691e-01
-2.1381032241894726e+01
1.5471821652588845e+01
-6.8340797308581613e-01
-3.1898920048422653e+01
1.5355949029069177e-01
-8.9414737673726619e-01
-2.1635721140366467e+01
3.4857586158251550e+00
3.8689931244306108e+00
-2.4221564740065574e+01
6.5899440872534623e+00
1.2033122472566268e+01
-4.5937129862737343e+01
2.3080884875766401e+00
-1.1144475719270512e+00
-2.1507142042092561e+01
1.7040018506632759e-01
-7.6694954411685412e-01
-2.1584993156999730e+01
1.1087030949787284e-01
-1.0699456019786142e+00
-2.1767161186127318e+01
8.2274671069311474e+00
2.0350839751601892e+01
-4.9724900804993794e+01
1.2001306036584293e+01
2.1042237823452346e+01
-5.2038133957277608e+01
1.4047749142936000e+01
4.6078147311880189e+00
-3.1723368617983269e+01
1.8423166959002855e+00
-1.0680804635972472e+00
-2.1471496197821544e+01
3.7020598397296141e+00
1.6524138447072325e+01
-4.9104644848859209e+01
2.7104037642654513e+00
1.0347636469444987e+00
-2.1463309280451629e+01
1.2062135547403303e+00
-2.4454618967543252e-03
-2.1204253385250489e+01
1.2089086473112405e+00
-2.4773605092241938e-01
-2.1255852761973593e+01
2.6355682803015563e+00
-6.7979730591612098e-01
-2.1446092183677219e+01
-4.7119350666361531e-01
7.1441860512905806e-04
-2.1814871250612235e+01
-8.2170357607381195e-01
-1.2156394847008443e-02
-2.2026744396356239e+01
2.6966501813543728e+00
1.5216860830798979e+01
-4.9442423476037625e+01
1.3177377793676804e+01
6.8827246233703123e+00
-3.2046633624665425e+01
-1.6045723187688729e+01
1.2160101465349385e+01
-3.5891466822018288e+01
-5.8876579584705881e+00
-7.8491875814694732e+00
-2.3459522005363265e+01
-1.4650116730316714e+01
1.2084255575091813e+01
-3.7107077147321107e+01
-1.5924859510476452e+01
1.1372850217302274e+01
-3.6810765385388976e+01
-1.0640365554478169e+01
1.4769565742640394e+01
-3.7707969473109230e+01
-1.1439209175677163e+01
1.4260154721319207e+01
-3.7579341551391124e+01
-1.0963809635417979e+01
1.3122412145135378e+01
-3.9154674592870386e+01
-1.4606705597563751e+01
1.2679366696426460e+01
-3.6612909386377801e+01
-1.5445149448734535e+01
1.3062668196558672e+01
-3.5452591603429447e+01
-1.2965050920310977e+01
1.2784629724707690e+01
-3.7847234908304195e+01
-1.2554232541767036e+01
1.4503790293012573e+01
-3.6308694617524147e+01
-1.3435381801890227e+01
1.2563685415799865e+01
-3.7691471891794613e+01
-1.4634229105872569e+01
1.3524574270815380e+01
-3.5635982697744900e+01
-1.2488415981023087e+01
1.4148534119356773e+01
-3.6737279699335446e+01
-1.3387130827683050e+01
1.2740573281241662e+01
-3.7472923614804394e+01
-1.4134097140393253e+01
1.2045932276647036e+01
-3.6531054031878043e+01
-1.5506316113032321e+01
1.3414710259113459e+01
-3.5793519323332610e+01
-3.1891104292118611e+00
3.2678105151425840e+00
-2.7538244599889492e+01
-1.2724183151811024e+01
1.3499204281732773e+01
-3.7249408747176496e+01
-9.9376671176293936e+00
1.3699864303354781e+01
-3.9338058872104519e+01
1.5003667356899436e-01
-3.1131029803542249e+00
-2.0939276518275069e+01
-5.7007196605767130e-01
-2.9642014220577320e+00
-2.1248134220375771e+01
2.0547479038197389e-01
-3.1021006069548354e+00
-2.0910119176266900e+01
-6.2575846814992314e-02
2.8061276461416966e+00
-2.2536142594517347e+01
-1.6260781310675692e+00
2.1323486616446141e+00
-2.3349586722592253e+01
1.6016837085635471e+00
1.8339055180365772e+01
-4.5243339964135394e+01
1.7573673575996300e+00
1.0271989797549972e+00
-2.1277755963995972e+01
-1.6813117652035046e+00
1.7101537069161743e+01
-4.3543269779216502e+01
1.3231665452808910e+01
7.0560697220662316e+00
-3.1989647583611507e+01
-4.8952949457365563e-01
1.7426147278401480e+01
-4.4356125363165006e+01
-1.8042194298493370e+00
1.7113994560372145e+01
-4.3383796208942620e+01
1.5267597129060968e+00
7.9581525178521584e-01
-2.1174552863140089e+01
1.3499615497480727e+01
4.7895953466398229e+00
-3.2715496504672650e+01
-1.3682015287038660e+00
1.7533550191146780e+01
-4.3373212708721660e+01
4.0184885005776332e+00
1.7144533149530886e+01
-4.8448884411342100e+01
1.1206015600491085e+01
2.2523840129363457e+01
-4.9987046525900823e+01
-4.0137210730256685e+00
1.6704030992336858e+01
-4.1555758234003640e+01
1.6083266046476412e+00
1.9780874063578138e-01
-2.1204572604681790e+01
2.3430267300445080e+00
1.0401008563352672e+00
-2.1304425582059039e+01
1.3594260126610823e+01
1.1528482251763904e+01
-3.8138136946286672e+01
1.1139970691156325e+01
2.1527727992953203e+01
-5.0646078745875869e+01
2.0015333621070877e+00
2.1931032448360464e+00
-2.1772979892279807e+01
6.0287389681302068e+00
2.1301046063196264e+01
-4.6340354296273603e+01
1.3297351036513818e+00
1.9973907587095315e+01
-4.3336323538460881e+01
1.3676383236272136e+01
1.2929541067393973e+01
-3.7458692768021564e+01
2.4083171135218637e+00
1.6738159928521539e+00
-2.1533210326571371e+01
1.4294090859532634e+01
1.0922545047444611e+01
-3.7084627732399078e+01
-6.8003610338994991e-01
6.2864382095763038e-01
-2.2015662425612209e+01
1.4019770664618585e+01
3.7933495559873780e+00
-3.2434927687186374e+01
1.4220376392612421e+01
2.1359632258221421e+01
-5.3607082418741449e+01
-2.1745575048928307e+00
1.5604676081968101e+01
-4.2841936478634267e+01
-1.2597870966828135e+00
3.1152521687168169e+00
-2.3675244176726537e+01
7.2237260314791687e+00
1.9204507527642473e+01
-4.9385296507630777e+01
6.5202594132689526e+00
2.1243982273893700e+01
-4.6775260216543906e+01
-5.6557705863422214e-01
4.4794376941438263e-01
-2.1859023465850921e+01
5.9715987600271185e-02
8.2037608940882190e-01
-2.1583684731829308e+01
9.5454697031125646e-01
2.5008577197186088e-01
-2.1174422131681528e+01
2.3909210809057860e-01
1.0385769542120866e+00
-2.1524944226602955e+01
7.1434134943599670e+00
2.0053539913156683e+01
-4.8759680066487149e+01
8.6020692060621384e-01
1.7662670296394051e+01
-4.5119279782970345e+01
1.1761559053997209e+01
2.2325706663765970e+01
-5.0702696446420880e+01
4.0089621517475305e+00
1.9209221936955860e+01
-4.6215286229592202e+01
8.8484630695923538e+00
2.1794906050088585e+01
-4.8645435256574217e+01
1.1151412097124378e+01
2.1838819716415994e+01
-5.0551421472308405e+01
2.9311024125827769e+00
1.1402716340188015e+00
-2.1607975277120961e+01
2.1397442983660953e+00
9.9340075002872097e-01
-2.1212581910131508e+01
1.0869004290429251e+01
2.1485052257565705e+01
-5.0572198154531257e+01
1.5140916414436058e+01
2.3589716515659294e+01
-5.2695256225718090e+01
2.5304410652440779e-01
8.9920669922196028e-01
-2.1533581514517945e+01
1.8238160630938904e+00
1.1450354368077873e+00
-2.1308254734386463e+01
1.6525100527999708e+01
2.3991508851308307e+01
-5.3295265455827362e+01
1.3661575139081220e+01
1.1805819911888836e+01
-3.8114070969288377e+01
8.3674829631905325e+00
1.9200448181241246e+01
-5.0505148584239535e+01
9.3974144430765758e+00
1.9325772053721366e+01
-5.1427554661923921e+01
-7.5506512113284560e-02
2.3010791102573860e-01
-2.1587525729259522e+01
1.1006722326534288e+01
2.2033573328372249e+01
-5.0283155978580140e+01
1.3040127391156425e+01
2.2651280580519579e+01
-5.1343836785197837e+01
2.4472921910716408e-01
1.0423139008228857e+00
-2.1312596956198718e+01
1.4085662993627267e+01
1.0394947077752848e+01
-3.7902866476528416e+01
-3.6747366662145011e+00
1.6767376800647330e+01
-4.1884250172671415e+01
2.6293515555257518e+00
1.8520410681166819e+01
-4.5999681016307910e+01
1.8968468844665518e+00
-7.0905350389752070e-02
-2.1246073865139905e+01
-3.8307919135389938e+00
1.7843249680415632e+01
-4.0705123767281222e+01
1.3990152223329952e+00
1.9771415236831949e+01
-4.3581026588123933e+01
-3.2553470067963564e+00
1.6458114823887975e+01
-4.3015882701385330e+01
-3.6397167807434490e+00
1.6983977213903863e+01
-4.1707797043104947e+01
1.3536974095255268e+01
4.9231564397713710e+00
-3.2729742708700520e+01
1.3756768504715925e+01
1.1300244728419226e+01
-3.7873668919469480e+01
-6.1603625670160027e-03
2.5796628817537166e+00
-2.2382160165601746e+01
1.7908289564970009e-01
1.6941342561372306e+01
-4.5290211394289280e+01
1.0563878798595498e+00
1.7286413091887529e+00
-2.1524007489031614e+01
6.6036808402484859e-01
6.4730683051160476e-01
-2.1370763393250947e+01
-2.1440256972596807e+00
1.5772543262253651e+01
-4.2896275066215352e+01
5.5461124731083800e+00
1.9792020961152772e+01
-4.7398379221326174e+01
4.0362927244620623e+00
1.7333568316819619e+01
-4.8266387582951992e+01
-1.6041767482278637e+00
1.5776337977930206e+00
-2.3038338586115056e+01
-1.3587376258526837e-01
2.5609583730453629e+00
-2.2398547781069023e+01
-4.0750010884663999e+00
1.5400757833508534e+01
-4.3045461605510226e+01
-3.8368625034147845e+00
1.7068750639378077e+01
-4.1365896522412541e+01
-1.3791253817705031e+00
1.6882179369977589e+01
-4.4119347782599945e+01
-9.3598754335632606e-01
1.7405177194488686e+00
-2.2461446007205677e+01
1.0593847611772388e+01
2.2485565013744949e+01
-4.9737462636432120e+01
8.5531159465791307e-01
7.8411152067795853e-01
-2.1712676923208861e+01
-6.4418939628411653e-01
1.7141221700472148e+01
-4.4501200882561811e+01
-4.1934487863907466e-01
2.3412790395017362e+00
-2.2473816613973426e+01
2.8063122020807705e+00
2.0085096081824446e+01
-4.4558080755854107e+01
7.5991915688102030e-01
2.9950179455962772e-01
-2.1275696884745734e+01
-1.5199321697226467e+00
1.7540117190838366e+01
-4.3086961105896009e+01
1.3840827821219294e+01
5.7620882010723378e+00
-3.1439268125883970e+01
3.2158015690571524e+00
5.6110431098781455e-01
-2.1495612798075804e+01
2.4056182628521314e-01
1.8446494216558602e+00
-2.1783173548464880e+01
1.3328326315426114e+01
6.5971586697635507e+00
-3.2107747587040052e+01
3.1342771159715408e+00
1.7185909494868008e+00
-2.1817977917272813e+01
1.3499615497480727e+01
4.7895953466398229e+00
-3.2715496504672650e+01
4.9941825401862772e-01
4.2213343469472248e-01
-2.1388522648148324e+01
1.4824604882923649e+00
1.6687409887425151e+00
-2.1401516085194068e+01
4.2676782556013995e-02
1.8119834686271073e+01
-4.3994513538099262e+01
1.7465934545213457e-01
1.6027687567850826e+01
-4.6324000153992266e+01
1.0271421781125880e+00
1.9891797205919282e+01
-4.3231133669723299e+01
1.3768992015567603e+00
1.5391543421327196e+00
-2.1432383387459474e+01
1.4263897492379309e+00
1.8143936842252376e+01
-4.5061255771696253e+01
-1.1421892116208792e+00
1.8246249777061461e+01
-4.3091930096483225e+01
9.5153871039463156e-01
1.8677074547738599e+01
-4.4006770417766411e+01
5.0395235956027273e-01
8.3222398130051989e-01
-2.1340223043844151e+01
1.0217320584427254e+00
1.9895721978537914e+01
-4.3241187713788015e+01
1.4365108995767839e-01
4.3001755477479492e-01
-2.1536257937805914e+01
1.5965147337133279e+00
1.6536233855581703e+00
-2.1457128529969594e+01
1.1315938733966384e+00
1.9131471954260018e+01
-4.3999708486782644e+01
1.0829407379149563e+01
2.2571820792091160e+01
-4.9971481515259789e+01
4.9946964804570759e-01
2.3198536667618543e+00
-2.1885129054105889e+01
9.5490484472847492e-01
2.5298448993036078e+00
-2.1967022202965939e+01
1.0628627998891089e+00
7.6054589543298945e-01
-2.1273264267006944e+01
1.4052505655088389e+01
1.1403141844607468e+01
-3.7222568028666153e+01
-5.7328587800984154e-01
2.6250787603956129e+00
-2.2668451416562178e+01
1.4003599764265797e+01
3.3754906265986464e+00
-3.2695182014701174e+01
6.9632852295091832e+00
1.8930353663828594e+01
-4.9628954694448758e+01
2.6460692719527095e+00
1.8635665637968259e+01
-4.5397732241947615e+01
-3.4539810192588729e+00
1.6311046257899481e+01
-4.3108569271644768e+01
1.4060236321360534e+01
4.2119414351349809e+00
-3.1930079375376685e+01
1.6258223348030803e+01
2.3846361012057638e+01
-5.2774715802841250e+01
1.3285910729126735e+01
1.2313428430903274e+01
-3.8345653158085625e+01
1.3310627271316777e+01
2.3011105954338120e+01
-5.1391100597323621e+01
-1.1251655893462511e+00
2.6965760774472951e+00
-2.3169649442978926e+01
3.7691669870496156e+00
1.0869314167229294e+00
-2.1854255363800863e+01
-6.6473328425961220e-01
8.3358806486236070e-01
-2.1968551832874976e+01
-9.6790602125287184e-01
1.4224451119730797e+00
-2.2298793684490370e+01
1.3727671759973663e+00
8.8105457618732974e-01
-2.1270739873739156e+01
1.3890313515832775e+01
2.1387212282325837e+01
-5.3551435493283726e+01
-6.3464360364530643e+00
1.6531865281065201e+01
-3.9735739606253723e+01
-7.6896044672160146e-01
1.6976572591300076e+01
-4.4627787531290487e+01
-3.3743253212548221e+00
1.6408298220476762e+01
-4.2875347950519206e+01
-1.4378355523643063e+00
1.8998053496899860e+01
-4.2093085195184202e+01
-1.1422998537973572e+00
1.9087372286798093e+01
-4.1914331278296238e+01
7.0206343876674175e+00
2.0786367714533256e+01
-4.7809283568910466e+01
1.2586363670358522e+00
1.9070084015257866e+01
-4.3978538528160392e+01
-3.8202811425706424e+00
1.7621932965837278e+01
-4.0993827192975345e+01
1.0014416041679528e+01
2.1833573232984172e+01
-4.9536392186835840e+01
-3.7328071123243318e+00
1.7510645603903775e+01
-4.1166981070266310e+01
-8.4900522770930138e+00
1.4807533533990272e+01
-3.9526905204659961e+01
5.0048501099347753e-01
-1.9990130849448378e+00
-2.1291529650347602e+01
2.3092154486046654e-02
-1.9093755245060970e+00
-2.1426701441446895e+01
-1.9487021090681027e+00
-3.2136876448512459e+00
-2.2682678309954600e+01
-8.2887835333447979e-01
-3.0201747732840505e+00
-2.1388022622512832e+01
-2.0829542770026515e+00
-3.6804582995549455e+00
-2.3003945073470501e+01
-4.9833509829744553e+00
1.7338310926690308e+01
-4.0153753235470226e+01
6.9833188279082914e-01
1.9366269684742804e+01
-4.3312527587201068e+01
1.3436205168030313e+01
2.3057979629166780e+01
-5.0908788694808138e+01
3.0910589698020012e+00
1.6485785927133083e+01
-4.8492781845770715e+01
-6.8171520695210033e+00
1.3484994519919129e+01
-4.2485824792088401e+01
6.8139544498242444e-01
1.9210280204555119e+00
-2.1649241057645082e+01
-1.0662230317393491e+00
2.9088200139275422e+00
-2.3310273613318767e+01
1.4292551637219478e-01
1.1370444624758815e+00
-2.1552441372503573e+01
8.2728626273522803e+00
2.1693414046043380e+01
-4.8206050758136143e+01
7.3339618857838449e+00
2.0050317244936487e+01
-4.8732950602035054e+01
3.1981853693201443e+00
1.6450216800332676e+01
-4.8617396649255646e+01
2.3919659184565436e+00
4.4514019959824154e+00
-2.4723242502395593e+01
1.4632187992637499e-01
2.4369074060839711e+00
-2.2186306243165056e+01
2.3998539164270625e+00
1.6152622494689868e+00
-2.1488101616415168e+01
1.1984262546592399e+00
1.4859766640132455e+00
-2.1446208687712890e+01
3.2590610427605440e+00
7.6553504029236208e-01
-2.1556322322848072e+01
7.5730053968735378e-01
1.2470261375868714e+00
-2.1284718126600207e+01
-1.5553042095789357e-01
1.4454002032332540e+00
-2.1750883663658133e+01
9.9467410775708787e-01
-6.5703416867240105e-01
-2.1313389037187005e+01
3.8630427615051142e+00
-1.4054663355550308e+00
-2.1754602777071284e+01
-1.5560263828496027e-01
1.7954541585336351e+01
-4.4029676933492183e+01
1.3442451461967844e+00
1.7896997626588302e+01
-4.5545249264377425e+01
-3.1923630724799468e+00
1.6916611476244626e+01
-4.2538555549542373e+01
1.3706214033339082e+01
1.0942895185194011e+01
-3.8437190212771441e+01
3.0232539565159473e+00
1.6857255054463092e+01
-4.8049186921843486e+01
2.1973986734930615e+00
4.4175714479927990e+00
-2.4643210966162730e+01
3.2200959547233285e+00
2.0079377223973660e+00
-2.1920734823364622e+01
2.2225844459776471e+00
1.9887172427303466e+00
-2.1605272250052508e+01
-5.4066245398426469e+00
1.3185934888152183e+01
-4.3974468160842491e+01
1.3861454189187979e+01
3.7186214667418627e+00
-3.2913841195830457e+01
-5.8511976509062240e+00
1.2460548899707772e+01
-4.4555098472920520e+01
3.3155956875494867e+00
9.3905705244735271e-01
-2.1614251166575965e+01
3.4337011016938637e+00
8.2994086177486603e-01
-2.1679371878466739e+01
3.7007100694853103e+00
5.8258828986304045e-01
-2.1698078650431949e+01
5.5826954832660580e-01
6.3237721604732688e-01
-2.1334129429354455e+01
7.1436763806439629e-01
5.6884967376344830e-01
-2.1283600822900926e+01
-3.5480420992976609e+00
2.8684902518754960e+00
-2.7087216882836969e+01
1.1629277345077094e+01
2.0902926147547483e+01
-5.1282578304382795e+01
1.3552788418648342e+01
1.2421674096539380e+01
-3.7975500245378583e+01
4.3676348712233679e+00
1.8532769241485742e+01
-4.5869241293957209e+01
3.1869094128095871e-01
1.8079964049882168e+01
-4.4218013799677742e+01
-2.9348971951027147e-01
1.7771718979274432e+01
-4.4342474631539353e+01
2.5567966237560086e-01
1.7650638012355412e+01
-4.4679590997568916e+01
2.3582798149082096e-01
1.7497765103398041e+01
-4.5000755573174075e+01
-2.7564779786981335e+00
1.6789330794441238e+01
-4.2936469897287907e+01
3.2415230615294539e+00
1.6865212746116597e+01
-4.8641976937013851e+01
1.6603958023777673e-01
1.5540233273305503e+01
-4.6946630868540922e+01
-4.8301711335289479e+00
1.3615470171594765e+01
-4.4175403129438024e+01
-4.3265140269916114e-01
2.9521615087062147e+00
-2.2916064654818506e+01
3.5185098812179576e+00
7.4939926925532241e-01
-2.1722477816666430e+01
6.6877677571550587e-01
1.0443137562457636e+00
-2.1380876077087617e+01
9.6725415361732037e-01
6.9141067666438993e-01
-2.1262475717478146e+01
-5.7120797154137390e+00
1.6462452053779984e+01
-4.0391933331816077e+01
1.3285069626574781e+01
4.9337046668592981e+00
-3.3268245122114379e+01
-8.3304557521090938e-01
2.1840166474816516e+00
-2.2622597948799932e+01
2.3686236710769655e+00
5.8225749377981995e-01
-2.1267500647428314e+01
-2.5965328297892798e-01
3.4306776438521652e-01
-2.1622664199827689e+01
-6.0663257155777295e-01
2.9946995930442349e-01
-2.1921240872459510e+01
-5.5938429789845943e+00
1.6229765228106004e+01
-4.0663197463341703e+01
2.3954443857538421e+00
2.0832348376459868e+00
-2.1709840852419369e+01
-1.9362540226184666e-01
1.0326719251211081e+00
-2.1637247520913427e+01
4.0704147196315371e-01
-6.2776006190568701e-01
-2.1487711101679889e+01
2.3965055034068916e+00
1.1976552292510463e+00
-2.1392550771927038e+01
2.1619705485723824e+00
3.5127720250396682e-01
-2.1258638910786459e+01
2.9282683713166362e+00
8.0916449182008388e-01
-2.1447501881963593e+01
1.0995284354582765e+01
2.2211273871980435e+01
-5.0152538442695707e+01
1.1109885854524613e+01
2.2121686307420212e+01
-5.0304765529312135e+01
7.3913889153900314e+00
2.0945218487797735e+01
-4.8113981598359864e+01
6.7906064876069481e+00
2.1080864906491311e+01
-4.7268375607026798e+01
7.9863661365517489e+00
2.1159743896855588e+01
-4.8626430946576328e+01
1.6737774209356699e+00
1.9913491249442540e+01
-4.3783875162213157e+01
2.2445724294981044e+00
2.0099797415050094e+01
-4.4038568961292313e+01
-4.8031199274387033e+00
1.7527364957924743e+01
-4.0078082173394733e+01
7.9971275883336803e+00
2.1104677494935167e+01
-4.8572852312083953e+01
1.3051318086565926e+01
6.2478679258205041e+00
-3.2372319489396162e+01
-8.7972530973876495e+00
1.4578654242205127e+01
-3.9633986796426591e+01
-1.1951697150587412e+01
1.1850180391942191e+01
-3.9676644110271774e+01
-9.8802906411427909e+00
1.3081986548613804e+01
-4.0054476477418561e+01
-1.5889807103259415e+01
1.0775663860015152e+01
-3.7364995961114744e+01
-9.5131367043404893e+00
1.2958374217714285e+01
-4.0544369266637368e+01
-1.0864843676496648e+01
1.3042710359534807e+01
-3.9293380478216662e+01
-1.5181795449701216e+01
1.3482519639820119e+01
-3.5245810541905790e+01
-1.2666526865257495e+01
1.3956922069866748e+01
-3.6781078328555481e+01
-1.2351080354375179e+01
1.4018584253062388e+01
-3.6991278299882836e+01
-8.4750423902984888e+00
1.4412863218943142e+01
-3.9859694511184649e+01
-1.6574097806308647e+01
1.0990536760758935e+01
-3.6721671736972375e+01
-1.5960469138022933e+01
9.7982676340292354e+00
-3.8464051040470899e+01
-8.6232745426019939e+00
1.4044128949968163e+01
-4.0182777450312166e+01
-9.1292744355656570e+00
1.4422361033797094e+01
-3.9415365515008425e+01
-1.4132001617172243e+01
1.1398970336143920e+01
-3.7809133691507419e+01
-1.3081002584518691e+01
1.2731804212920846e+01
-3.7791196237270384e+01
-1.5968613288203930e+01
1.1888478515710712e+01
-3.5829053632210737e+01
-9.7573864603276768e+00
1.3265712376329944e+01
-4.0052356636921985e+01
-1.1795185221133568e+01
1.2470071646968687e+01
-3.8581773412926871e+01
-1.0102655456595482e+01
1.2292824155405933e+01
-4.0835899462069555e+01
-1.2218470687001759e+01
1.3442554958797565e+01
-3.7603955299874890e+01
-1.0963431982839239e+01
1.3921381602150360e+01
-3.8346633246424929e+01
1.3386565159406690e+01
1.0242325388766863e+01
-3.9635407065411833e+01
-6.9119501058444568e+00
1.3299427683032652e+01
-4.2445994404969397e+01
-7.3975715296912234e+00
1.2432565049851885e+01
-4.3005480542338432e+01
-6.5096000634137487e+00
1.2017826515957129e+01
-4.4029046035441709e+01
1.3484686358157241e+01
9.8177618745670987e+00
-3.9824162001509890e+01
-3.9038830816557595e+00
5.6824203570309466e+00
-3.8179817287586424e+01
1.3643114618830330e+01
4.7476558739695411e+00
-3.2603433953542833e+01
-3.3751186885806450e+00
3.0386659379434846e+00
-2.7285224050956650e+01
2.6467940693524152e+00
2.1554853851705826e+00
-2.2156685402344163e+01
3.1406760982436044e+00
1.2219207146569586e+00
-2.1751840453914358e+01
3.5476906408870623e+00
1.1116755892346342e+00
-2.2174976688396285e+01
3.6543973262381879e+00
9.1393716966735772e-01
-2.1767200696705483e+01
3.6176100772655775e+00
8.4561309803151785e-01
-2.1685218115145858e+01
4.5878868378293536e+00
8.7544292674769431e-01
-2.2479758687030376e+01
3.5035686458563813e+00
6.7977962254967350e-01
-2.1776655825026882e+01
1.4296655411362886e+01
4.7161140618293235e-01
-3.4394412520402398e+01
3.6600677138152062e+00
4.3484571281648443e-01
-2.1944324212926965e+01
1.9079304436043647e+00
2.2718116933186255e-01
-2.1214197030716132e+01
3.3321849468211875e+00
1.3720153607299501e-01
-2.1447303061297387e+01
1.4792506719897000e+01
-4.3604761192729896e-01
-3.3141329016485997e+01
4.3007721313561020e-01
-4.0975657048888248e-01
-2.1434719019243431e+01
1.5388778088126296e+01
-1.2495638560739135e+00
-3.2503954384146105e+01
9.4295598161772021e-01
-8.8240799949455750e-01
-2.1483401634606544e+01
1.5676254696867886e+01
-1.4582972401740695e+00
-3.1920655876694138e+01
1.7805693114995882e+00
-1.1883390603917763e+00
-2.1497086689780527e+01
1.8416158390299355e+00
-3.3610257144782283e+00
-2.1120610424460953e+01
1.9660060318163197e+00
-3.8534107050027449e+00
-2.1539202937372284e+01
5.3546704124376179e+00
-8.6895551843646057e+00
-2.2944068774747834e+01
-6.8209160171616885e+00
1.3237744777200435e+01
-4.2797908969461297e+01
-6.8209160171616885e+00
1.3237744777200435e+01
-4.2797908969461297e+01
1.3690254088026098e+01
1.1402752277027480e+01
-3.8006639841595309e+01
-6.9892028507015631e+00
1.2439696085145210e+01
-4.3201593632967516e+01
1.3268816246865441e+01
1.0719422723063760e+01
-3.9592286960153920e+01
-1.2790035519071029e+01
1.0660860422169222e+01
-4.0296772129408509e+01
1.3542918784366536e+01
9.8490298949265416e+00
-3.9460212563324667e+01
1.4587728691795838e+00
4.4474636511149042e+00
-2.4873179925948506e+01
-3.5034424732377278e+00
3.0781386514476536e+00
-2.7292670784127822e+01
1.3230101816466826e+01
3.7634323406052097e+00
-3.4304692486190966e+01
-7.9717476833259928e+00
3.1333070975018154e+00
-3.4928765050464285e+01
7.6615509863836828e-01
2.2818420438092084e+00
-2.1865040567250603e+01
1.3738094085118091e+01
3.0538698500357855e+00
-3.3701385860668239e+01
1.3570087641754974e+01
3.0201065935500409e+00
-3.4022235891330297e+01
1.4075002576902637e+01
2.9570937963573423e+00
-3.3060461464998070e+01
1.5618238717721402e+00
1.9929359377569702e+00
-2.1502728400180015e+01
2.9724151315524101e+00
1.9740114354345883e+00
-2.1843198964930735e+01
3.2582253120685096e+00
1.8907840742093047e+00
-2.1874808276749100e+01
-5.2135158545465754e-01
1.2208802019241107e+00
-2.1958158175858035e+01
3.7950019162093200e+00
9.6750878431834153e-01
-2.1930255768768269e+01
1.6404003184348319e+00
6.5900603731198015e-01
-2.1237827371091974e+01
1.4077707808786510e+01
5.7992005773343847e-01
-3.4511086275851234e+01
5.8001087789346828e+00
4.2483362532005825e-01
-2.4011198007778471e+01
1.4136958100137678e+01
3.6197584392404170e-01
-3.4506922152888585e+01
3.0521469552788725e+00
-7.6082286902185242e-02
-2.1468670848715362e+01
2.3819608162812425e+00
-1.8957090209436417e-01
-2.1272801030668703e+01
-3.4575572783026692e-01
-3.6066631406868921e-01
-2.1830862002798014e+01
3.6776256864959906e+00
-5.6584498077776024e-01
-2.1739934357522987e+01
-6.3836957035546338e-01
-6.8381487758894610e-01
-2.2117113304586191e+01
4.0184768994696638e+00
-7.5534798885252807e-01
-2.1984217131576209e+01
3.8159544329302686e+00
-7.6767696280974562e-01
-2.1891812962729620e+01
3.2536619861018465e+00
-9.2872047470552099e-01
-2.1789191337692547e+01
7.4693917143157789e+00
-1.2902030988712763e+00
-2.3743345708071001e+01
6.9678837387189514e+00
-2.3738205651208721e+00
-2.4199761316133561e+01
4.6876433396934916e+00
-3.5404728837334019e+00
-2.2353075421554532e+01
3.9309791115906969e+00
-3.7550559138199446e+00
-2.2030595687701169e+01
3.9291593436499004e+00
-3.8059033850433726e+00
-2.1937678385053694e+01
1.3051837918864688e+01
-5.1148635648053782e+00
-2.7987225600077714e+01
1.2553047369452937e+01
-6.3301710212371907e+00
-2.6414222253182686e+01
-3.6615463862949666e+00
-8.7815879655003712e+00
-2.2424378976672301e+01
-3.6805000803002192e+00
-8.8588592824596653e+00
-2.2226486725048122e+01
-2.0327709632956501e+00
-8.9484869309491195e+00
-2.2199619792387587e+01
1.8307448629220353e+00
-8.8834538243136159e+00
-2.2293355666021469e+01
-2.0686825775135032e+00
-9.0252076003008312e+00
-2.2047908991928328e+01
1.3430708819055681e+01
1.1872666988521324e+01
-3.8267509490598307e+01
1.3427317536023120e+01
1.1853874940567545e+01
-3.8245583858111999e+01
-9.2751908788402435e+00
1.2299892236625055e+01
-4.1270001442149812e+01
1.4188625879180643e+01
1.0867250733620027e+01
-3.7191869207754252e+01
1.3483952898195016e+01
1.0706377402691048e+01
-3.9008246921380049e+01
1.3483952898195016e+01
1.0706377402691048e+01
-3.9008246921380049e+01
-1.2669036586427911e+01
1.0522362403464161e+01
-4.0403445322430031e+01
7.6828019966655718e+00
1.0285300239293502e+01
-4.5344474286204438e+01
1.9661099184199298e+00
9.5861531432924885e+00
-4.3566239665715855e+01
6.7411678080409194e+00
8.3248210874196484e+00
-4.3120542603878320e+01
1.3050276277625917e+01
6.3048348353516364e+00
-3.2673299272590739e+01
-2.2696061507405596e+00
6.3349436804529198e+00
-3.9244802756315870e+01
-4.1238679179670354e+00
5.5777669268453964e+00
-3.8336543436518696e+01
1.4087095914581893e+01
4.5524444034643015e+00
-3.1749316328394595e+01
-2.5898283486382079e+00
2.9967871502041623e+00
-2.6208902180602763e+01
-7.3792786080846362e+00
2.8239075389454609e+00
-3.4522179372221800e+01
1.2428597887347592e+00
1.5994832049117653e+00
-2.1463415989471862e+01
1.4167207774833980e+01
7.7878956384663556e-01
-3.4677670635709070e+01
1.4163844663785232e+01
4.6341360748403077e-01
-3.4399698285453134e+01
3.1166852533089271e+00
3.1208839733476323e-01
-2.1437638131558987e+01
5.6556238753646584e+00
2.5063000123736467e-01
-2.3800681836808604e+01
1.4538543437909308e+01
-2.3405156747680822e-01
-3.3866883292077532e+01
4.7018455022024463e-01
-4.7381371974112385e-01
-2.1384727702621504e+01
5.3195699016573705e-01
-7.4289917776785797e-01
-2.1456090738463697e+01
-7.5606021052726096e+00
-1.8673425058243880e+00
-3.0100865842838576e+01
-7.3046959147046646e+00
-1.9016498182956934e+00
-2.9364118301718410e+01
-7.6430035160155230e+00
-2.3667293578718298e+00
-2.8967101906011880e+01
-2.4080484786809491e+00
-8.4580187202190142e+00
-2.2657116615779863e+01
-6.7591473613402995e+00
1.2510336486017373e+01
-4.3279358669538773e+01
1.4195737683400077e+01
1.0301514279468057e+01
-3.7727679193877059e+01
1.4140512402544642e+01
8.8076525201815734e+00
-3.8803501207820432e+01
6.0587302312364821e+00
8.6916559743476025e+00
-4.3108594564918441e+01
1.3979530604614720e+01
4.2364396051467708e+00
-3.2156617409000440e+01
1.3706054620939344e+01
3.9022258765812898e+00
-3.3088519942194011e+01
1.3321931916714233e+01
3.6156547232964948e+00
-3.4762199373557223e+01
4.3673313991856739e+00
2.6455057734988281e+00
-2.2951842339076652e+01
-8.2920777785324127e+00
2.9104061432671031e+00
-3.5030371256503805e+01
-7.5605511469481277e+00
2.4038976311530051e+00
-3.4485277240549820e+01
1.3795187842274119e+01
1.9749858434581287e+00
-3.4544846640042820e+01
1.4438835056385953e+01
1.9134370587223009e+00
-3.2545910523127638e+01
1.5047696725870745e+01
4.1315887593920647e-01
-3.1885834736279264e+01
1.5274827627792186e+01
2.0627980576090277e-01
-3.1770978940317942e+01
1.5039082849885714e+01
2.4313703223882682e-01
-3.2150860927872714e+01
3.1675633629623676e+00
2.6172878954083462e-01
-2.1621918466881478e+01
1.5651379443308860e+01
-2.0312164934143446e+00
-3.1841423210508513e+01
1.9609866589833489e+00
-4.3333309341774155e+00
-2.2086748122579667e+01
-1.8321363295395745e+00
-9.2589863911843384e+00
-2.1765253277038067e+01
-1.2537878758958046e+01
1.0726640635088657e+01
-4.0292715291854101e+01
1.3687611102467512e+01
1.0312872340925642e+01
-3.8836109268793244e+01
-2.3910296089147534e+00
1.0719749883202738e+01
-4.3890950799887655e+01
1.3552584379115125e+01
9.6420286925204799e+00
-3.9717953835293891e+01
1.3868317454923655e+01
9.4844591690862075e+00
-3.8930652111199201e+01
1.4227042714591626e+01
8.7221127353812751e+00
-3.8323130326493988e+01
9.8227116491539257e-01
8.9436133326471197e+00
-4.2762096543920627e+01
8.7791109867880923e+00
7.1358999913520087e+00
-4.1999733377803530e+01
8.7791109867880923e+00
7.1358999913520087e+00
-4.1999733377803530e+01
1.3397963628565675e+01
5.5183600762829306e+00
-3.2688670084297975e+01
1.2052293175923936e+00
2.4768976634703486e+00
-2.2021271546583673e+01
1.4872541395673440e+00
1.8473742100152248e+00
-2.1541496471912904e+01
1.3791557341975937e+01
2.3687809387751413e+00
-3.4102797613852324e+01
5.8758058565850808e+00
9.6869754922970686e-01
-2.4210764064737951e+01
5.7130597726067114e+00
9.5318517129697344e-01
-2.3925075338749064e+01
2.8264783485563720e+00
-7.3043591011782805e-01
-2.1505497327325532e+01
1.2779676691976137e+01
-5.3888043491253557e+00
-2.7581596398499627e+01
9.1256165442138464e+00
-7.4363673722620884e+00
-2.4728578058984976e+01
1.3291728237589574e+01
1.0425346551002981e+01
-3.9782644765732350e+01
1.4144551350585983e+01
9.4079619983609692e+00
-3.8397386607568762e+01
1.4400717877268310e+01
8.9467548122419807e+00
-3.8348319027051559e+01
1.0123988523135561e+00
8.6419345991179952e+00
-4.2500529782312604e+01
2.2972643160369044e+00
3.1376819444473445e+00
-2.1904304982027998e+01
1.3934418339612057e+01
3.7910915967964223e+00
-3.2597243059462272e+01
1.4966799189307070e+01
1.3207600952177628e-01
-3.2405486453702665e+01
7.6076821511657988e-01
-4.9742688992682149e-01
-2.1345423523248748e+01
2.9790933321865425e+00
-5.9860352226695213e-01
-2.1705287553415506e+01
7.0232797096756991e+00
1.2593848829651632e+01
-4.7522533801525427e+01
1.3600142157741514e+01
3.1889411268767116e+00
-3.3455448972961698e+01
1.2664474562654075e+01
-5.1818462118734852e+00
-2.7962736760125029e+01
-1.6473351807922356e+01
9.4055949416417537e+00
-3.8311226603856397e+01
-1.1070549782233568e+01
1.1299216992170832e+01
-4.0747233942406666e+01
-1.4897205203056210e+01
1.3528473982782121e+01
-3.5422489018298236e+01
-1.4813694418613901e+01
1.3540032913222952e+01
-3.5491035111083484e+01
-1.5585631710853955e+01
1.1152217836108385e+01
-3.6850602254803768e+01
3.9868104203216106e+00
2.0430132294740314e+01
-4.5367092715830871e+01
1.6019620166581095e+01
2.3846405814601283e+01
-5.2884701182480718e+01
1.0161093582759070e+01
2.1729397488227182e+01
-4.9812181257670552e+01
1.1878173832141975e+01
2.2919606852826501e+01
-5.0156459791842472e+01
1.0690535970337740e+01
2.2116134041757164e+01
-4.9886386718710433e+01
5.1901865972503254e+00
2.1023389617031629e+01
-4.5965706911515028e+01
1.4903851778938542e+00
-6.2867275713794664e+00
-2.2681883133246298e+01
1.3530252648152352e+01
6.2549151234989662e+00
-3.2025388817130526e+01
1.3814630542577278e+01
1.2281154287125576e+01
-3.7389854599759339e+01
1.2759267554685934e+01
1.9376983269782631e+01
-5.3965784001108915e+01
1.4218088766700870e+01
2.0976520833910790e+01
-5.3840643711377091e+01
1.4251541262232633e+01
1.0647698315511631e+01
-3.7304643647154073e+01
1.3665186235211987e+01
1.0309206077271009e+01
-3.8801215740518309e+01
1.3175155054688284e+01
1.0432479817028828e+01
-4.0004488468872012e+01
1.1340277256909930e+01
2.2298172539465060e+01
-5.0217887453581696e+01
1.3834935158902814e+01
1.2300267972053440e+01
-3.7131717465827585e+01
1.3583914898092722e+01
1.2778128951180305e+01
-3.7421571874486382e+01
1.3243634948856117e+01
1.2098059450660982e+01
-3.8676828211947495e+01
1.3729456367733924e+01
5.8660076462011403e+00
-3.1586786498294494e+01
-6.8390728876051896e-02
1.9124873603571739e+01
-4.3093409602461939e+01
-9.0156340020699555e-01
1.0480215363069849e+00
-2.2170246523166234e+01
-8.7580213763038106e+00
1.3130119010302355e+01
-4.1066978843737957e+01
-1.0016221999374041e+01
1.3418747852363538e+01
-3.9655970617867823e+01
-1.6770978412206489e+01
1.0100933475595605e+01
-3.7377915715684161e+01
-1.4842794863660600e+01
1.2288369599331748e+01
-3.6819540084129279e+01
-1.3455947728965677e+01
1.0656923340918548e+01
-3.9955685039434250e+01
1.2601223024778445e+01
1.9539566665226861e+01
-5.3900140799876354e+01
3.6821806301308970e+00
1.6337105979551001e+01
-4.9262080591396895e+01
1.2787832347115907e+01
1.9402150342269316e+01
-5.4043964491343253e+01
-5.5022721535348067e+00
5.3917891995601552e+00
-3.8407615610386564e+01
7.3256008128336270e-02
1.8125000262298382e+01
-4.4041150121675372e+01
-2.7762106699193110e+00
1.6312457873496733e+01
-4.3359537461367616e+01
2.3595053434061293e+00
1.4116231176053380e+00
-2.1443845875987297e+01
1.3108734574493239e+01
1.8808564483047086e+01
-5.4883489943868902e+01
-7.4017776803946622e-01
1.5066198492566399e-01
-2.1998046683225262e+01
-1.3828373507097426e+01
1.2669456513322915e+01
-3.7213783779492942e+01
-3.6078540479677885e+00
1.7854503873776341e+01
-4.1044490881461805e+01
-1.2249145411602333e+01
1.2902993296399174e+01
-3.8286011429404311e+01
-1.4715939017516575e+01
1.2178588834368568e+01
-3.7043873585607564e+01
-1.3679500119639425e+01
1.2499451732185440e+01
-3.7527809949516893e+01
5.3419596023537463e-01
1.8346523562224306e+01
-4.4276256727129500e+01
-2.1093139476571006e+00
1.5314153540128293e+01
-4.3152583090476440e+01
-5.9895106621345882e+00
1.5379381740154804e+01
-4.1214017041269955e+01
-4.0708080012789344e-01
1.4592552874987600e+01
-4.7490161742805228e+01
1.2615344465895921e+00
1.9641498314325407e+01
-4.3678852231197723e+01
3.9850770696788604e+00
1.6679808390123782e+01
-4.9491870169991785e+01
1.6261887210178341e-01
2.6934458101171561e+00
-2.2309164676733360e+01
-4.0910640705158592e+00
5.7453491135150507e+00
-3.8638092928778150e+01
1.8787842768319845e+00
2.0208354688526203e+01
-4.3695303597445580e+01
-6.5188079248539648e+00
1.5567223455442445e+01
-4.0610951428381313e+01
-8.3178286506159560e-01
2.4017272251556494e+00
-2.2724583521844160e+01
3.2556564680935279e-01
1.8390995403120254e+01
-4.4064551096542203e+01
-1.6495067605245388e+00
1.7453532866794848e+01
-4.3277107305143353e+01
-2.1089368985534551e+00
1.5561407427123338e+01
-4.2883659376261477e+01
-3.5207012295937998e+00
6.4627545509801472e+00
-3.9463092286322180e+01
8.2770802986081216e-01
2.6293472702507379e+00
-2.2183764016465460e+01
1.4253594192864882e-01
1.9724672877112157e+00
-2.1811371371269370e+01
1.4770477292374211e+00
1.5591071432973245e+00
-2.1245685686784540e+01
1.6157510194043387e-01
1.9201730687750352e+01
-4.3344550574684646e+01
7.5692765165278619e-01
2.3771132087972129e+00
-2.1845285648126065e+01
-7.4792295348419513e-01
1.8015021283907264e+00
-2.2354521060546212e+01
1.5420904736017754e-01
1.3073355318311983e+00
-2.1464073906582762e+01
1.2945275023943987e+00
2.1166974907577920e+00
-2.1662110548863943e+01
-4.5856782079042557e-01
2.0901192092572041e+00
-2.2161042159462824e+01
2.8188097891527775e-01
1.7495201446554489e+00
-2.1707215240810633e+01
8.7262944423346989e-01
1.6369753144814185e+00
-2.1460241275448279e+01
-3.9368063122224389e-01
1.1962506248933085e+00
-2.1847688329166516e+01
2.0705948132463767e+00
1.1297353225635942e+00
-2.1353892208681810e+01
6.8872407365722959e+00
2.0466697043738669e+01
-4.7983113472087872e+01
7.7450930288883182e-02
1.5729626173332512e+00
-2.1669826637218765e+01
-7.6660758777058524e-01
2.6042654683323341e+00
-2.2818372602339931e+01
3.7061857598710994e-02
2.3602828022880606e+00
-2.2182470003320795e+01
6.7034563495500465e-01
1.9319432022151193e+00
-2.1771604329303621e+01
9.6911237765698544e-01
1.3818743183872497e+00
-2.1405775186447748e+01
2.1238769045139034e+00
2.0272292110695840e+01
-4.3782838990055964e+01
3.7480313965425266e-01
1.8831358174109962e+01
-4.3599459094106258e+01
3.5997352432874106e+00
2.7124421593709336e+00
-2.3099049808224400e+01
-1.6536005394872031e+01
1.2019182983448555e+01
-3.5603542771949535e+01
-1.5484850848781619e+01
1.0822364478050325e+01
-3.7827634920582511e+01
-9.3455277705788493e+00
1.3077984724229744e+01
-4.0392207748188490e+01
-9.1527622512766165e+00
1.2987145512136609e+01
-4.0817010142864461e+01
-1.2021099396707070e+01
1.1295711692984703e+01
-4.0168170291973510e+01
3.9134521627094787e-01
1.9444638106788027e+01
-4.3112655108716417e+01
1.1149873037075440e+00
1.9728667793053766e+01
-4.3605090836044020e+01
4.3171752445004702e-01
1.9241834107695070e+01
-4.3327446969073613e+01
-1.5502210458886999e+01
1.0688599276355383e+01
-3.7914791863431390e+01
-1.1126537722114533e+01
1.1427685419904856e+01
-4.0709962097449484e+01
-1.2609452189462099e+01
1.4314083669340548e+01
-3.6474772279532523e+01
-1.5311683550036918e+01
1.3325987879162094e+01
-3.5319269974250254e+01
-1.5311683550036918e+01
1.3325987879162094e+01
-3.5319269974250254e+01
-1.4565889618885272e+01
1.2886343849339372e+01
-3.6581861412181567e+01
-1.2783828888278181e+01
1.3145824251947980e+01
-3.7559250088686056e+01
-1.5988618636625247e+01
9.4753503879742134e+00
-3.8568871136173485e+01
-1.5223811728931743e+01
1.1800402230442621e+01
-3.6892861771265061e+01
-1.4365948884179174e+01
7.3546331989668596e+00
-3.9926770784676258e+01
-1.4297301957860091e+01
7.1919838408629930e+00
-3.9798408838212900e+01
-1.3683595586423834e+01
1.2966032288199003e+01
-3.7050248860498009e+01
-1.3001651178566721e+01
1.3181488826453304e+01
-3.7324898408194514e+01
-1.4753825611536161e+01
1.2349231307081663e+01
-3.6773457135242509e+01
-1.6266744969784021e+01
1.2106940998986925e+01
-3.5724969115642743e+01
-1.1328132310171677e+01
1.3060692047033031e+01
-3.8791511236533161e+01
2.6703018062525650e+00
-8.2216567585081179e-01
-2.1456137979221577e+01
-1.1129216129526505e+01
1.1535911175764186e+01
-4.0574076927266390e+01
-1.5181851731351038e+01
1.0737452932677597e+01
-3.8181316987256999e+01
-1.3860831265115953e+01
1.2772532239710937e+01
-3.7119076248317420e+01
-1.6525060860323673e+01
1.0060340067682384e+01
-3.7655769312822130e+01
-1.6350052732554211e+01
9.7260472812417458e+00
-3.8117830063042540e+01
-1.1451499526639379e+01
1.2452451592493118e+01
-3.9441402533573900e+01
-1.2915102173513761e+01
1.3059412901600755e+01
-3.7713418209766211e+01
-1.3969984649580178e+01
1.2419165359622879e+01
-3.7427669182921996e+01
-1.2064481780235930e+01
2.0485408987834166e+00
-3.3941349426520908e+01
-1.6366611107517194e+01
9.7291076073133684e+00
-3.8183607627077379e+01
-1.4943016158162804e+01
1.2362954809976628e+01
-3.6761282937272519e+01
-1.5980057211151195e+01
9.6609735254507676e+00
-3.8654606540842259e+01
-8.3053136410673840e+00
3.0547768206293613e+00
-3.5027661125870182e+01
-1.1861349012521552e+01
1.3493756476095934e+01
-3.8018458589221311e+01
-9.0785309626217252e+00
1.3864008634072624e+01
-3.9920804897467704e+01
-1.5977653109796497e+01
1.0736780539498609e+01
-3.7354479004647800e+01
-1.5977089367718655e+01
9.6572833896143599e+00
-3.8637273908121330e+01
-1.4756172693001593e+01
1.2209735599127406e+01
-3.6863716270353194e+01
-9.2599074880606462e+00
1.4532886235916916e+01
-3.9162596472724665e+01
-1.1032780755942555e+01
1.1917725658671094e+01
-4.0351985366857825e+01
-1.4539845169241254e+01
1.2210408559497637e+01
-3.7189734166560790e+01
-1.0586288319964053e+01
1.3976664154917575e+01
-3.8659089478225866e+01
-1.6259303466526706e+01
1.0347851015579211e+01
-3.7591639246370171e+01
-1.2501090260005121e+01
1.4313057987814954e+01
-3.6537578288053460e+01
3.5091883167533167e-01
-5.8178246687124979e-01
-2.1480393891902082e+01
1.3785688812646628e+01
1.2442504915132011e+01
-3.7137333722406794e+01
1.3373445315064179e+01
1.0760092214105697e+01
-3.9232369546945698e+01
1.3365734154033371e+01
1.0750170464561538e+01
-3.9213470936348500e+01
1.3446941113753462e+01
1.0564633787973566e+01
-3.9550609411790916e+01
1.3715707397555766e+01
1.0976261944474571e+01
-3.8467685398452566e+01
1.4097060304336837e+01
3.8792242977719704e+00
-3.2346751627952067e+01
2.2040779466263336e+00
1.5638064975545718e-01
-2.1216166669385654e+01
1.3969881266296744e+01
3.5421752260419908e+00
-3.2712807058950730e+01
1.3934860898874344e+01
3.1380684685164986e+00
-3.3093121334487797e+01
1.3762349405572960e+01
1.2051041073929918e+01
-3.7621714526258664e+01
1.3602582007411089e+01
1.1932061256949456e+01
-3.8148829730833249e+01
1.3839101455225176e+01
1.0744274096828882e+01
-3.8117119643566745e+01
1.4079187856875922e+01
4.3533549404991669e+00
-3.1900547614042559e+01
1.8921354570062381e+00
3.5446417138713010e-01
-2.1215107247267092e+01
-4.8436587449302015e-01
-4.4078768135533092e-01
-2.1866004355458703e+01
1.3359983887264908e+01
6.2235569669844706e+00
-3.2021767132504408e+01
-1.1592820426105592e+00
1.6573337114352289e+00
-2.2596203999841261e+01
2.6863794744913574e+00
-5.2757563891279356e-02
-2.1212531070950924e+01
2.4592147147784753e+00
-2.7259434230550195e-01
-2.1232274599301402e+01
-1.1407168010443167e+00
9.5817063338681252e-01
-2.2388095933942491e+01
-3.8153443892979749e-01
4.3353518550123010e-01
-2.1738845952771690e+01
-2.5029553234065544e-01
3.3691026180336897e-01
-2.1598649176616970e+01
-8.2198172530576014e-02
2.3661480875635302e-01
-2.1507296902697142e+01
1.9917068028203873e+00
-4.9584412638940661e-01
-2.1281301625423151e+01
1.9793042637276039e+00
-4.8449763188580142e-01
-2.1295972932070320e+01
-7.8066783745076473e-01
4.1212901033966048e-01
-2.2028006126500230e+01
1.9041984516663044e+00
-6.2035886989356315e-01
-2.1335861433000190e+01
-1.7111848473119009e+00
8.0202971900942910e-01
-2.2995925300455859e+01
1.3588642183195105e+01
1.2492513723350960e+01
-3.7506993807060695e+01
-8.2924228800054889e-01
6.7228440571498349e-01
-2.2036383325669991e+01
-1.3244552601209427e+00
6.7773385898609306e-01
-2.2551338188231806e+01
4.5871985161898549e-01
-2.4987061930908189e-01
-2.1396627808988317e+01
4.7479416967148791e-01
-2.4833493839638004e-01
-2.1419016538355919e+01
9.1084232136488286e-01
-5.7603390686916389e-01
-2.1336680166592870e+01
1.0056277000173031e+00
-2.0967212488342610e-01
-2.1259346405325591e+01
-9.8694120986742391e+00
1.2841417806050931e+01
-4.0421005054810735e+01
-1.2015119120223003e+01
1.3579415007347718e+01
-3.7824029979992766e+01
-1.3913816125065663e+01
1.2807379729905742e+01
-3.7171911903811285e+01
-1.3271922115103784e+01
1.2604044879729926e+01
-3.7717031112616105e+01
-1.0023648282035719e+01
1.4248672545440728e+01
-3.8731351179436125e+01
-1.6175834385595206e+01
1.0716364231249958e+01
-3.7234045467503606e+01
-1.0125695185058873e+01
1.3287007503731324e+01
-3.9692267161000629e+01
-1.4115390048911872e+01
1.2461631635726127e+01
-3.7259288284743874e+01
-1.6318007852110870e+01
1.0649290518193494e+01
-3.7278268626820406e+01
-1.1130124237687115e+01
1.1702656504645805e+01
-4.0443772250843999e+01
-1.3082181930994039e+01
1.2996675980175016e+01
-3.7462181287561798e+01
-1.6318007852110870e+01
1.0649290518193494e+01
-3.7278268626820406e+01
-1.6162465712563840e+01
1.1727588805977630e+01
-3.6167800337053500e+01
-1.6608312863912047e+01
1.0864556244209652e+01
-3.6605608359962922e+01
-1.2249347758763140e+01
1.2907515489610423e+01
-3.8290847146312920e+01
-1.2565725680386512e+01
1.2747392887746077e+01
-3.8189435553568764e+01
-1.3393945643933495e+01
1.2647818927067929e+01
-3.7640556843051591e+01
-1.1868964446770716e+01
1.3494202585109752e+01
-3.8033344244372145e+01
-1.0846425232404464e+01
1.3319954579815136e+01
-3.9064210051567983e+01
-1.6450869972277896e+01
1.0987006678100258e+01
-3.6804912167100056e+01
-1.3522997707807733e+01
1.2833700766360877e+01
-3.7373322258547148e+01
-1.1318392343267647e+01
1.3438523775717984e+01
-3.8496613589492263e+01
-1.5907134515154786e+01
1.0635789042754034e+01
-3.7371276182158326e+01
-1.5616866109356307e+01
1.2472599261136795e+01
-3.5843479905091861e+01
-1.5333654875187539e+01
6.3216348849424486e+00
-3.8535145286006440e+01
-1.4894048575026023e+01
1.1903629919642151e+01
-3.7102438612770740e+01
-1.1127031012637634e+01
1.3694185907855610e+01
-3.8434825818630706e+01
-1.6381160640443461e+01
1.0197155538803605e+01
-3.7861409294084538e+01
-1.6281124315761222e+01
1.0139126616728364e+01
-3.7603895730331189e+01
-1.6645714982857992e+01
1.0899751170931365e+01
-3.6703924659325445e+01
-1.4429692961389895e+01
1.2537422709405112e+01
-3.6894924982852672e+01
-1.1321880918087698e+01
1.3437367594681438e+01
-3.8491100664153151e+01
-1.6527426046888483e+01
1.0869323524681674e+01
-3.6795226567202228e+01
-1.5030601191935908e+01
1.2517858673576125e+01
-3.6457945967975647e+01
-1.0747658351799739e+01
1.3832648268999833e+01
-3.8606476423454389e+01
-1.3271182797831294e+01
1.3048630093114392e+01
-3.7291540081149364e+01
-1.0113793014787653e+01
9.7669764084127253e-01
-3.2835117451964450e+01
-2.5696207268119418e+00
2.8653306807365091e+00
-2.6051420576203832e+01
9.6571944697048853e+00
2.0100676863620041e+01
-5.0783350697921811e+01
1.1317649544966288e+00
1.7315794674333160e+00
-2.1520425225152657e+01
1.9038605151977019e+00
9.9207509867250576e-01
-2.1241740768148414e+01
2.6198336994430584e+00
6.0711569798116283e-01
-2.1310791322058591e+01
3.7890252388940300e+00
-4.8247929814344359e-01
-2.1828431137725108e+01
1.5218059360904999e+01
2.0087656532797048e+01
-5.5909009257177296e+01
-7.4224158448213551e+00
2.5695412508828981e+00
-3.4193312767322070e+01
-8.5283169277363235e+00
1.6607454829578578e+00
-3.3643569814653461e+01
-7.0321830570191679e+00
1.2274607290209504e+01
-4.3715250436958002e+01
-1.8169270896236801e-02
1.6939616837786922e+01
-4.5023071962055681e+01
-1.3412518402632356e+01
1.3158031183160046e+01
-3.7060266747665722e+01
-2.7656723148307338e+00
-8.2280802725973494e+00
-2.2842080048533187e+01
1.0601694046743836e+01
2.2558675589810338e+01
-4.9658295590606130e+01
-8.8674086047086984e+00
1.3971555485760463e+01
-4.0061370990039990e+01
-8.4146138448240659e+00
1.3940502621410179e+01
-4.0418636261140243e+01
3.4190470189143265e+00
1.6357521912042119e-01
-2.1525657837131725e+01
8.8525989856041354e-01
5.1639067065667688e-01
-2.1267135078315764e+01
2.1346892209220449e+00
-1.7498682381384782e+00
-2.1132560874278479e+01
1.4077280330015563e+01
1.0431245182225515e+01
-3.7919694146737037e+01
5.0721103237952079e+00
-1.1181509536614747e+00
-2.2278974211754260e+01
2.8573525055825635e+00
-9.7938538895623928e-01
-2.1583641741637631e+01
-8.7072920124427569e+00
1.4206615060249483e+01
-4.0044230462512317e+01
-8.7282070286423892e+00
1.4213081431151807e+01
-4.0012590690515076e+01
-7.6916289690825046e-01
1.7984749424756890e+00
-2.2311300910113378e+01
1.5100503752628728e-02
-1.9090592219874103e+00
-2.1430054782740910e+01
1.9284180163575027e+00
1.4023366316747436e+00
-2.1318869944889094e+01
1.9231921445680242e+00
1.4027168085406860e+00
-2.1323495588771863e+01
1.3975075539940782e+01
3.3071798307478000e+00
-3.2886635179512076e+01
1.3896537098519168e+01
3.3556081210241633e+00
-3.2799900484333079e+01
-1.3365881624058090e+01
1.2814787915783914e+01
-3.7541672328907872e+01
-8.5965703208565021e+00
1.4719877926389298e+01
-3.9559208611499088e+01
1.7838864129138778e+00
-2.0925714999731619e+00
-2.1140062485855321e+01
-7.9142407292172141e+00
1.3644280639867626e+01
-4.1225540118461559e+01
-5.0367687553572775e+00
1.2805775247557827e+01
-4.5074083069648132e+01
9.8805964534187318e-01
1.9505317415324527e+01
-4.3471305100450643e+01
-6.7172486920309682e+00
1.6299934431050719e+01
-3.9541582623279901e+01
6.1284415676886317e-01
1.9046838799066922e+01
-4.3733398757356916e+01
-7.2311322124926525e+00
1.3876388944218908e+01
-4.1639242351564270e+01
3.0641278536879186e+00
-1.9089199986667305e-01
-2.1458457326999763e+01
3.7327948438633909e+00
-2.7274791078365581e+00
-2.1319282234618630e+01
6.9777569598810651e-01
-5.3448728176185578e-01
-2.1405364054783245e+01
8.6180937137587321e-01
1.5852801980271644e-01
-2.1291687159005392e+01
-3.4342742077249020e+00
3.0050354493930826e+00
-2.7175267148773909e+01
5.8838472713567409e+00
-4.1061324808236438e-01
-2.3282173307758711e+01
1.5266276024924526e+01
3.0031774952991364e-01
-3.1515762035150711e+01
1.8735368443162859e+00
-3.6159083821312481e+00
-2.1035575301912225e+01
1.3283117412289711e+01
4.7748796369374569e+00
-3.3203309075117708e+01
1.6672778852986043e+00
6.2188174406145803e-02
-2.1166303673736742e+01
2.6108722460509877e+00
-1.1113252213243650e+00
-2.1539413044317577e+01
6.6073766057116357e-01
-4.5755363741451716e-01
-2.1289323419313675e+01
2.2776457018170309e+00
-2.3556754771253401e-02
-2.1014995453415597e+01
-1.1882905803975670e-01
-5.0304535014515546e-02
-2.1562135439099826e+01
1.5422129731154264e+01
-1.1531623946652669e+00
-3.1899311165210669e+01
2.6389863236366979e+00
1.8388396202343099e-01
-2.1378100981761666e+01
-8.3053136410673840e+00
3.0547768206293613e+00
-3.5027661125870182e+01
-8.8307147398643693e+00
3.0034940228594538e+00
-3.5199837880799350e+01
-8.8306222673504386e+00
2.9952738904579119e+00
-3.5011882793196740e+01
-7.9205892121201975e+00
1.4166935199367876e+01
-4.0779251985235383e+01
-7.6916424451748444e+00
8.9690578471864484e+00
-4.1734807982589551e+01
-7.3573067974071567e+00
7.6746956070318566e+00
-4.0404715447197198e+01
-1.1047221178500944e+01
3.0490203698906044e+00
-3.4928232019709711e+01
-1.1344480335772079e+01
8.1360449272341047e+00
-4.0913307581426572e+01
-9.4096578258507364e+00
1.3409315293517919e+01
-4.0114140623381012e+01
-8.3958387294575836e+00
3.1903100059546134e+00
-3.5290900937305338e+01
-1.4052760317637219e+01
1.0926886320871521e+01
-3.9641410824916534e+01
-1.5381620153647363e+01
1.2254375132278511e+01
-3.6016687480732557e+01
-7.2103812146038440e+00
1.4460131296826274e+01
-4.1101505570064447e+01
-1.5454403391468945e+01
1.1256299239997643e+01
-3.7101731805239972e+01
-7.6305437889725356e+00
1.4690667563933095e+01
-4.0519500181377623e+01
-7.4670140305593762e+00
1.3602023166233744e+01
-4.1532222817982536e+01
-7.2717000386102386e+00
1.4392784309173082e+01
-4.1203517392996119e+01
-8.5274259628258058e+00
1.4335579472198082e+01
-4.0007899920808157e+01
-1.5331923963595631e+00
-3.4848274246217747e-01
-2.2375011988289668e+01
-1.0492234831935191e+01
1.1887827880393912e+01
-4.0926772158751831e+01
-1.2784236544450755e+01
1.3144766468649555e+01
-3.7571025301439796e+01
-1.0260183048083560e+01
1.1374445328703413e+01
-4.1360742278884423e+01
-7.2022325964832845e+00
1.4449146288937191e+01
-4.1083089934667278e+01
-2.5713783830433896e+00
-8.7172084600150921e+00
-2.2195747942214684e+01
-5.4491296053522067e+00
-7.3633037496451310e+00
-2.3846058828593687e+01
-3.3106042701757192e+00
-8.5979368532847271e+00
-2.2468071948495201e+01
-4.1257670954275394e+00
-8.3982211495053978e+00
-2.2780924736349697e+01
-3.5212216287569933e+00
-8.6117374347884024e+00
-2.2580217186693346e+01
7.5561683980825045e-01
3.0105349948927407e-01
-2.1184040583355856e+01
-3.3322875922201529e+00
-8.2620869724036865e+00
-2.2855555048487279e+01
-3.6606326596123866e+00
-8.1831995393720192e+00
-2.2887751080725891e+01
-3.8105215954450076e+00
-8.5769631642952060e+00
-2.2682867348292945e+01
-2.6097190748449273e+00
-3.5235278352086028e+00
-2.3833345100142818e+01
1.0629774317704488e+00
2.1701185982500779e+00
-2.1708627133287294e+01
-4.8730653572809268e-01
-3.8087564727334340e+00
-2.2075779695315124e+01
-1.0117137126291595e+01
1.2976653595151399e+01
-4.0039858282208442e+01
-1.1012349571527732e+01
1.1662285399227056e+01
-4.0117949118156083e+01
-1.1286500942969274e+01
1.1424884458748895e+01
-4.0738084393223964e+01
-2.2175935500228299e+01
2.8744749435638877e+00
-3.4662003804234907e+01
-9.2551229583989763e+00
1.5464995924136959e+01
-3.8181245000202679e+01
-1.3185025185043093e+01
1.0887491667321209e+01
-3.9561648709930331e+01
-6.7452352135196536e+00
1.5072747206321752e+01
-4.0887674460610484e+01
-7.8926697620408079e+00
1.4545690493015435e+01
-4.0418928291496371e+01
-8.5169020959968194e+00
1.3468927811700267e+01
-4.0775764849881618e+01
-8.3626327524902901e+00
1.4305922535923358e+01
-4.1110479588838039e+01
-9.3585265423175041e+00
1.2926127823186212e+01
-4.0568910708611035e+01
-1.6080570315859429e+01
8.2580264916699839e+00
-4.0299975208913054e+01
-7.9761612858910063e+00
1.4619334077758921e+01
-4.0196891327705622e+01
-1.3396869237822568e+01
9.5260615283418382e+00
-4.1069928175025389e+01
-1.0448697358787587e+01
1.2008953095373382e+01
-4.0807838907582493e+01
-1.2131805326002285e+01
1.3350552329759763e+01
-3.7884606723260383e+01
-1.6651996566512452e+01
1.2483011272046195e+01
-3.5082678291304944e+01
-9.9418505209124746e+00
1.1726270282478358e+01
-4.1188704211536447e+01
2.6288504006709329e-01
-3.8666633933259337e-01
-2.1467099965000159e+01
-1.6321381364072806e+01
1.1210719971596665e+01
-3.8844013359140668e+01
-7.0629799794797066e+00
1.3716645727799971e+01
-4.1356205039614068e+01
-1.2434774135849629e+01
1.2125914509151176e+01
-3.8493337782418159e+01
-8.3871512583547627e+00
1.4125864069052152e+01
-4.0305698176193879e+01
1.5135404695222972e+01
-7.0660055143569100e-02
-3.2110924120728733e+01
-1.0152013557257719e+01
7.0646407580214348e+00
-3.9637723021761673e+01
-1.2559540338900694e+01
1.4505307917248954e+01
-3.6320578481632637e+01
-1.2615812389792927e+01
1.4331091965083754e+01
-3.6509288627269527e+01
-1.2115072238920993e+01
1.3355536945254405e+01
-3.7899459560943406e+01
-1.1843511292625294e+01
1.1437326303016450e+01
-3.9882172850855845e+01
-9.6777761291691977e+00
1.4026623921308312e+01
-3.9350580061836361e+01
-1.0120044760168199e+01
1.5216994457346273e+01
-3.7721998788795595e+01
-8.5465702382268738e+00
4.0784957253244567e+00
-3.6397758427530306e+01
-9.8600108273796963e+00
7.8448962801146802e+00
-4.0369165756256464e+01
-1.4679025298187582e+01
5.7281973215516224e+00
-3.8692632157644958e+01
-1.3291071259109110e+01
5.6080938582860274e+00
-3.7945804423760357e+01
-1.4337539504549301e+01
4.8637054898244028e+00
-3.7021971678082188e+01
-1.2150048168882201e+01
1.0425014354312779e+01
-4.0824879091504592e+01
-1.3843917315072197e+01
5.1505071902667714e+00
-3.7460311173601319e+01
-1.3362964390294783e+01
5.7777296025277476e+00
-3.8270094631050490e+01
-9.3277630056734608e+00
7.0921343778736770e+00
-3.9410543069845758e+01
-1.3086016956420920e+01
5.2098036964640970e+00
-3.7482391866297895e+01
-1.2294838941036287e+01
1.0839002640804130e+01
-4.0352206183068184e+01
-9.8292873031300907e+00
1.4005509864713694e+01
-3.9217812881145626e+01
-1.4501317923376476e+01
7.3167869527593608e+00
-3.9853137663959679e+01
-1.0637857496247369e+01
1.3817009277779190e+01
-3.8646597118779425e+01
-9.9523377870378855e+00
1.2202712762153844e+01
-4.0865995587189232e+01
-9.6926419778531159e+00
1.4025141456934001e+01
-3.9334308333285364e+01
-1.2599538567126322e+01
1.0180538776413986e+01
-4.0731001516645939e+01
4.9168406354516101e+00
1.0136702063486980e+00
-2.2710483893195363e+01
4.7630104537774338e+00
8.6218630272569097e-01
-2.2480088355391111e+01
5.3190300315893575e+00
3.4031888375128605e-02
-2.3271363250233371e+01
3.6113874752569847e-01
-2.8793656756335784e+00
-2.0760038668743952e+01
7.6693676351172773e+00
1.3609730639341709e+01
-4.8732655036690431e+01
1.4610875278636222e+01
2.6424118866535196e+00
-3.1791489428517622e+01
-8.7878328323664356e-01
1.9729566799641458e+00
-2.2486738149632501e+01
-1.1389850583895829e+00
2.0038599556462704e+00
-2.2775864536262684e+01
3.2732593243893899e+00
9.3607118242442711e-01
-2.1546237603745723e+01
3.4494073537964600e+00
5.2151840121008242e-01
-2.1655500915431432e+01
1.5370979223616466e+00
2.1144833472209568e+00
-2.1567702150694977e+01
5.0433850361717072e+00
-1.2522425482263484e+00
-2.2444804309088195e+01
2.9785014363638216e+00
1.6229997397959760e+01
-4.8924657603657558e+01
-5.8328512182963053e+00
1.3847003922619555e+01
-4.3181819627259507e+01
-8.2388359793861294e+00
1.3564917064177576e+01
-4.1291465345769488e+01
-1.3256261038844775e+01
5.3378287985468695e+00
-3.7662079305347845e+01
-8.8100826971391140e+00
6.6640292451834702e+00
-3.9119667922206183e+01
6.3015570081108834e+00
1.3542205185721034e+01
-4.8871111163486020e+01
9.4502719390075818e+00
1.3088595189163557e+01
-4.8639925738203083e+01
9.4502719390075818e+00
1.3088595189163557e+01
-4.8639925738203083e+01
6.8395996391178695e+00
1.3768897577878306e+01
-4.8903059275831836e+01
3.4575841300669854e+00
1.6830958325039408e+01
-4.8530237777359453e+01
9.5669974758863248e+00
1.9374690425271400e+01
-5.0935792607279296e+01
3.1510811218218442e+00
1.5612810995613916e+01
-4.9408871717190294e+01
4.4128659855548378e+00
1.7434141628181411e+01
-4.8223453230033236e+01
1.9334097110294060e-01
1.5751878403814402e+01
-4.6661279000532346e+01
-6.9308169964223021e+00
1.6043710016376277e+01
-3.9565426492924040e+01
-5.5259241856052128e+00
1.5528782408621241e+01
-4.1456868800274847e+01
-6.7744356788697502e+00
1.4019341129218326e+01
-4.1846640393309237e+01
-2.8452600843992495e+00
1.6978104749134406e+01
-4.2594586525274465e+01
-4.6848294195482953e+00
1.4648167543587402e+01
-4.3209744815622251e+01
2.4454192002648352e+00
2.0068454481793925e+01
-4.4296535627618624e+01
1.2770350457642841e+00
2.0060514798327052e+01
-4.2939413141210984e+01
3.8203822238592440e+00
1.6256112374206698e+01
-4.9526550020197263e+01
2.6617082919762378e+00
1.6507351591333709e+01
-4.7133140105589575e+01
-1.0812457293408425e+01
1.2591309133073144e+01
-3.9870104085770471e+01
-1.1400012914933795e+01
1.0820808425913972e+01
-4.0947309787854813e+01
-2.0454460252282107e+00
9.4917376364548804e+00
-4.2859874872461127e+01
-3.4116555969661557e+00
-7.3792412054931023e-01
-2.2846111667487595e+01
-3.1466934269676790e+00
-8.4470211539236251e-01
-2.2752235750468095e+01
-3.2869213071089098e+00
-8.3654207476089120e+00
-2.2767004304607436e+01
6.0648242822982430e-02
-2.3859523191705934e-01
-2.1557162731517455e+01
9.2596298199269611e-01
1.5125197677643516e+00
-2.1500642854311575e+01
4.7369735733896210e+00
-2.4551790310639530e+00
-2.1779779503423402e+01
-6.6047032289833520e+00
1.4553143526598451e+01
-4.1542494511183108e+01
-5.5616652836208869e-01
1.6932609939758215e+01
-4.4728808091987105e+01
8.9094163029391140e+00
1.9952783355647007e+01
-4.8603550678091821e+01
3.4590488620806830e+00
2.4845104583041020e+00
-2.2356765232810229e+01
2.1302817176922280e+00
-7.5205808785590675e-02
-2.1218475755326637e+01
3.3483636020267422e+00
-1.4142323153660349e-01
-2.1536356068844938e+01
2.6718086483660133e+00
-2.2078410354396558e+00
-2.1334801687734476e+01
4.5862400322320758e+00
-3.4485752445849740e+00
-2.2033899690114918e+01
4.5862400322320758e+00
-3.4485752445849740e+00
-2.2033899690114918e+01
3.3924625500150416e+00
2.3174386960289430e+00
-2.2231949048965621e+01
1.8936625290215658e+00
-7.4751763082643641e-02
-2.1237267913117769e+01
7.9057352619092625e-01
-1.6070291083546306e-01
-2.1293950459813541e+01
1.7611840369588774e+00
-4.8115426911324144e-01
-2.1233256878930543e+01
2.7481254642130923e+00
-8.3188431196720092e-01
-2.1581600450346134e+01
2.4456958932550270e+00
-1.0986440862110771e+00
-2.1448683663236359e+01
-6.7895871259295826e-01
-2.8172051901170274e+00
-2.1103694284669494e+01
1.6482145957739336e+00
-3.8630009385796367e+00
-2.1434792429824164e+01
5.9731682356499700e+00
-5.6359940862600979e+00
-2.3738219023321840e+01
9.7787320763888941e-01
-3.0200234967116200e+00
-2.0670917928075038e+01
1.4251868319914648e+01
2.1043994512343097e+01
-5.3768767347046001e+01
4.5980537935679617e+00
1.7740495874550763e+01
-4.7343415834830857e+01
-4.9934992081558671e-01
-3.8801320266035835e+00
-2.2096452206239672e+01
-1.2405707836596671e+01
1.0856149214760222e+01
-4.0253678368118216e+01
4.3557404343952955e-01
-9.4137815684698567e-01
-2.1534132421984012e+01
1.7197518741363282e-01
3.3749079727873332e-01
-2.1489695708900683e+01
2.2700697919513164e+00
-4.6912022454520880e-01
-2.1378722717165701e+01
-9.8548097672030170e+00
3.3459729600871375e+00
-3.5394897431969781e+01
-1.2483944450145477e+01
1.0697694404729530e+01
-4.0199811655640950e+01
-1.2140114165705578e+01
1.0840084716244869e+01
-4.0425670560723425e+01
-1.2513484397364977e+01
1.1288158807942459e+01
-3.9564918476629508e+01
-1.1940190907436989e+01
1.0585965643966301e+01
-4.0821796592206653e+01
-1.2039080783157836e+01
1.0944750157567542e+01
-4.0582538451181186e+01
-1.0260946158208972e+01
1.4248399351968670e+01
-3.8762587910331298e+01
-1.5058882876639164e+01
1.3290956674749715e+01
-3.5646446717431907e+01
-8.2663685464552703e+00
1.4401690217057251e+01
-4.2634530364511143e+01
-5.8574460273597682e+00
1.3834933669498719e+01
-4.3229549495124672e+01
6.2939201389859898e+00
1.6327671861052938e+01
-5.1203369808946050e+01
7.2506815046303874e+00
1.6742546469191108e+01
-5.1879142857637198e+01
1.3709071319422645e+01
1.2426579971876071e+01
-3.7350123861986262e+01
8.9792715811306412e+00
1.8363082792181594e+01
-5.1947975007849941e+01
1.2567145836242904e+01
1.9529895979591878e+01
-5.4312304470399823e+01
2.0472179983671523e+00
-1.1554669983299957e+00
-2.1540284415283601e+01
3.8622597703880350e+00
-6.1500933311813166e-01
-2.1872526163258183e+01
2.1018245204115842e+00
2.0073403770563525e+00
-2.1579136111272135e+01
2.2393573283814314e+00
-1.2008172674102160e+00
-2.1525595310806569e+01
8.3634470214040124e-01
-2.9430901901802464e+00
-2.0746303318738807e+01
1.4202083091989589e+01
2.8609832704679077e+00
-3.2702555673487268e+01
3.5176622860502720e+00
-7.5854486637628560e-01
-2.1749282316101723e+01
5.5629228157920450e+00
-2.4357878027870643e+00
-2.1954124438492219e+01
4.5995493741514135e+00
-2.4420929521541535e+00
-2.1797605169849259e+01
-1.3082450195387371e-01
-3.5573707096328380e+00
-2.1582690494888134e+01
1.4110035061562451e+00
1.3751560229738256e+00
-2.1349287614254095e+01
1.4817819779124019e+01
2.3783203051153468e+00
-3.1622770501396300e+01
9.7061920537888313e-01
-2.0512383969292576e+00
-2.1171112078484786e+01
3.4419750952601986e+00
-8.4511994795858669e-01
-2.1762930868307745e+01
2.5792209338545540e+00
1.8708878138588407e+01
-4.5653837443267761e+01
2.2620203409766200e+00
-9.8880258099091523e-01
-2.1468657344397268e+01
3.2134948180866254e+00
-1.1427936726970356e+00
-2.1789891291077847e+01
1.4196359634747012e+01
3.5770626597806316e+00
-3.2394280125298074e+01
1.5572175453752109e+01
-6.5507975307755750e-01
-3.1709770513795547e+01
2.1844400384405067e+00
-1.1455393345255704e+00
-2.1474015127785361e+01
1.7338685053208884e+00
-8.4801328047419200e-01
-2.1391250825602850e+01
1.5774602828955807e+01
-1.9625474846695348e+00
-3.1887722763378800e+01
1.4328869657955464e+01
3.9715677491138996e+00
-3.1584194209547931e+01
3.5492728252484516e+00
8.6183893368854447e-01
-2.1709005509675016e+01
4.7712164853989032e+00
-4.2742107823592264e+00
-2.3024965376057441e+01
2.7707785823130764e+00
-7.8469374364051536e-01
-2.1505978919254279e+01
1.1737516138389939e+01
2.1916875305165391e+01
-5.0954842334119526e+01
1.4329761201760453e+01
3.9597986402931844e+00
-3.1562994723695112e+01
8.4534914798481466e+00
1.8186387798977783e+01
-5.1710910154327443e+01
2.8668480916504420e+00
-3.3663779079555152e+00
-2.0943312115692194e+01
6.9559648360157036e+00
1.7355575082938053e+01
-5.0935885979067343e+01
1.3324711034548811e+01
1.9889159397257046e+01
-5.4312132885567983e+01
1.3310048848712581e+01
2.1488007980293649e+01
-5.2697317998511366e+01
1.3436768412786250e+01
2.0709267014694657e+01
-5.3587272681669077e+01
1.5771829822792034e+01
-1.7369558363869793e+00
-3.2182916558694387e+01
2.6660162583506759e+00
-2.1605168303067797e+00
-2.1341244813608693e+01
2.4191455828745365e+00
-4.3087026300999887e-01
-2.1329724808322190e+01
1.3671401052754215e+01
2.2286678350851385e+01
-5.2435965755831695e+01
1.2548558703554672e+01
2.2323079335360326e+01
-5.1358822187662284e+01
1.3379223112610863e+01
2.0866152345262186e+01
-5.3296578578254099e+01
1.5752911881753160e+00
-2.0143249901986358e+00
-2.1065897152000435e+01
2.8891240503400453e+00
-6.0652947973191007e-01
-2.1475510910651696e+01
1.3552689784186075e+01
1.0812994568225617e+01
-3.8842886575338305e+01
1.3437577004359134e+01
5.5715641943717173e+00
-3.2874492840073053e+01
1.0337205153302800e+00
-1.1358354894529572e+00
-2.1513753152276553e+01
4.2038607352448185e+00
-2.6851038237849245e+00
-2.1426248414982098e+01
3.1378259390649657e+00
-3.8154715103553677e-01
-2.1447622739255497e+01
1.3748150542135747e+01
1.2639824344242093e+01
-3.7519501606218284e+01
1.5652482743089422e+01
-1.3639318738504889e+00
-3.1903441205865363e+01
1.3600110584690759e+01
1.0606093369973010e+01
-3.8749099040421775e+01
1.2735893458960708e+00
-6.7579562489133471e-01
-2.1361625073864598e+01
5.5903796563289121e-01
-1.9193274308868813e+00
-2.1203391048849074e+01
3.3046950415799468e+00
-1.0834778294224718e+00
-2.1802767154989809e+01
1.0378539951374592e+00
-1.1385998965609323e+00
-2.1502022582119540e+01
1.2660216017280172e+01
2.2034445628457838e+01
-5.1526806189284443e+01
1.3642701273365866e+01
5.8220276188386206e+00
-3.1865090780856111e+01
3.3792313517761405e+00
-6.1668246823379480e-01
-2.1649487477101598e+01
1.3654747207777964e+01
1.0493554235251677e+01
-3.8793089070611479e+01
3.8715462481787459e+00
-2.7572574810900154e+00
-2.1287992612246775e+01
8.2342390770332514e+00
1.7638972466461635e+01
-5.1808159539925107e+01
1.4390726388261813e+01
3.2048321709736625e+00
-3.1998320523308553e+01
6.6100335687309766e+00
1.7627562518155454e+01
-3.9242470606387876e+01
-2.3414557288694864e+00
3.1783603750943263e+00
-2.6349844541465476e+01
-4.4158765466249583e-01
-2.4900703896511818e+00
-2.1143916964298612e+01
-1.9202965117780806e+00
-1.7543166275949695e+00
-2.1782200186015604e+01
2.9622659821106776e+00
-4.1853374063569193e+00
-2.1827583898988603e+01
1.3527979713771265e+01
6.9168050244989994e+00
-3.1773758034542283e+01
-2.5623768808239835e+00
9.8358129068861311e-01
-2.3833107883959489e+01
-2.2765186257311812e-01
-1.1189517655838872e+00
-2.1428970243104523e+01
9.9052107193243566e-01
-2.1290629408941126e+00
-2.1219314749373449e+01
-8.7514158077058257e-01
-2.5151135229839139e+00
-2.0994790246762481e+01
2.7096760603646883e+00
-5.2543630034298214e+00
-2.2799294163963037e+01
