16 6 52
0 0 3.859900e+02 -3.871200e+02
1 0 3.844000e+01 -4.921200e+02
2 0 6.679200e+02 -1.231100e+02
7 0 5.991800e+02 -4.079300e+02
12 0 7.204300e+02 -3.143400e+02
13 0 1.151300e+02 -5.548999e+01
0 1 -3.838800e+02 1.529999e+01
1 1 -5.597500e+02 1.061500e+02
10 1 -3.531899e+02 -1.649500e+02
0 2 -5.915500e+02 -1.364400e+02
1 2 -8.638600e+02 2.346997e+01
2 2 -4.947200e+02 -1.125200e+02
6 2 -4.087800e+02 -2.846700e+02
7 2 -4.246100e+02 -3.101700e+02
9 2 -2.848900e+02 -1.928900e+02
10 2 -5.826200e+02 -3.637200e+02
12 2 -4.940601e+02 -2.939500e+02
13 2 -7.968300e+02 7.853003e+01
15 2 -7.798900e+02 -4.082500e+02
0 3 -5.925000e+02 -1.257500e+02
1 3 -8.610800e+02 3.521997e+01
2 3 -4.985400e+02 -1.015600e+02
6 3 -4.123100e+02 -2.729200e+02
7 3 -4.267300e+02 -2.995900e+02
8 3 -4.683800e+02 -5.512000e+01
9 3 -2.879500e+02 -1.839400e+02
10 3 -5.840500e+02 -3.509700e+02
12 3 -4.973199e+02 -2.825100e+02
15 3 -7.819500e+02 -3.932600e+02
0 4 -3.487200e+02 -5.583800e+02
1 4 -7.760300e+02 -4.835300e+02
2 4 -7.780029e+00 -3.263500e+02
3 4 1.372400e+02 7.799988e+00
5 4 -7.500699e+02 7.871997e+01
6 4 1.160900e+02 -6.642200e+02
8 4 -8.704999e+01 -2.563100e+02
9 4 1.471900e+02 -3.578000e+02
11 4 -4.569200e+02 1.971600e+02
13 4 -4.635800e+02 -2.410300e+02
14 4 -6.482500e+02 1.595700e+02
0 5 -1.401001e+01 -9.642001e+01
1 5 -2.071300e+02 -1.183600e+02
3 5 -1.859003e+01 2.068000e+02
4 5 2.095300e+02 4.217600e+02
5 5 -6.350900e+02 5.616200e+02
6 5 6.738000e+01 -1.258300e+02
7 5 9.081000e+01 -2.093600e+02
8 5 -1.251800e+02 -4.523999e+01
9 5 2.071997e+01 -1.799200e+02
10 5 8.720001e+01 -2.550200e+02
13 5 -3.672600e+02 1.403400e+02
15 5 2.814001e+01 -2.705200e+02
-1.7152278418103545e-02
3.6346412077190781e-03
9.1271582374958318e-03
7.5624113733350806e-01
-2.7886561097787760e-01
-2.7317967323257686e+00
1.5107711540717191e+03
-4.9972197200096624e-01
5.1099729734344146e-01
1.7916579860928580e-02
-2.0228755651972799e-01
-2.8892526111097927e-01
-1.2117679121584117e+00
-9.3802232407773287e-02
-1.4819599335828102e+00
1.4174593942341432e+03
-3.0416440369461178e-01
3.3297581205180748e-01
-3.2790006866340804e-01
2.9837896382613072e-01
2.4100712360573534e-01
7.3351397508550527e+00
7.0197547989151481e+00
-3.4716157975755491e+00
1.5921249297674872e+03
1.5874830112764501e-01
-1.5797547132113838e+00
-5.1506594340842604e-01
4.5603896329906446e-01
2.3630902047762908e-01
9.1498056480755050e+00
5.9166481669946194e+00
-8.1723397853863897e+00
1.5826792343731188e+03
-1.0091322399811520e+00
-8.5365346732183866e+01
-5.4231886315474032e-01
1.4761984737749017e-02
-1.6832785719986678e+00
5.1708843546856187e-01
-3.9520666571129297e+00
2.0796906640451768e-01
8.1041756840644803e+02
3.3823383511598138e-03
1.0118013162315510e-02
-4.7166983201734280e-01
-1.2976124451836976e-01
-7.0980905126798652e-03
7.0215036816358616e+00
-4.2838305343709865e-01
-2.7011422427431708e+00
1.5966815769582954e+03
-5.2961099431114433e-02
-1.3934597711198343e-01
-8.0404784925235756e-02
3.2371013033096835e-01
2.8823226816242226e-01
6.6275187531122031e+00
2.3839505558783931e+00
-4.5387296645869029e+00
1.8286020402354413e+03
-3.6830523555631817e-01
1.5121282602675172e+00
1.0625943884672244e-02
1.7103012176369201e-01
1.6724889988418476e-01
2.9436514081901888e+00
1.4587444428517651e+00
-3.1230007921440417e+00
1.4466071578520393e+03
3.1242638687467011e-01
-1.8221776493628952e+00
-3.0990237472160742e-01
2.4303010302418726e-01
1.9950942552817708e-01
7.6960090850809157e+00
5.8385419339148079e+00
-2.8448467003934126e+00
1.2329390385601714e+03
-5.2771774190170907e-02
2.2731944513366295e-01
-2.4087501920465806e-01
4.2595821427465030e-01
3.0652650298613598e-01
8.6899934315774772e+00
7.2895055717943578e+00
-5.2235513890139551e-01
1.1890498290927260e+03
5.7577720923550224e-01
-4.4833324346704542e+00
7.9872174607317548e-02
5.4384167639880437e-02
1.1277388320167242e-01
7.5307554659856146e-01
-3.2131252105808600e-01
6.6828147953023898e-01
1.5345469204293067e+03
-4.4836371198091107e-01
1.0619094497183106e+00
-5.6079747871060592e-01
-1.1952970764848403e-01
1.0848580898072053e-02
-1.1426004142617002e-01
-1.4634764903372020e+00
-1.8380885631589285e+00
1.2970473794219965e+03
-1.7324781852123404e-02
-1.1258575739653739e-01
-9.3455376627514741e-02
1.9965984617595428e-01
2.6827597027125799e-01
4.7546792916802953e+00
2.8451588524513856e+00
-2.2672930376437006e+00
1.5479457340116192e+03
4.6728535488172858e-02
1.0581149080074725e+00
-2.6348714575638815e-01
-5.3148558463241680e-02
7.7218672034039398e-02
6.1690494679617132e+00
8.2209064876767002e-01
-3.1978201554366179e+00
1.3123561807680983e+03
-7.4309970770366690e-02
-1.5846396474932917e-01
-5.2602903023609071e-01
-9.5007084068338049e-02
2.2090660455502932e-02
5.8384360047979182e+00
-7.7997850778206945e-01
-2.6005177361650831e+00
1.5582497411332920e+03
-1.9073894231985147e-02
-1.0033688066503052e-01
6.6329421551830706e-02
-7.7520156360609636e-03
9.6203854109638137e-02
1.9551951390921674e-01
-2.1742857336790217e-01
-2.1144424186031103e+00
1.8859232316373391e+03
-1.1604543001015979e-02
-1.2821522417896952e-01
-1.1480389938595069e+01
1.2024827285503351e+01
-3.7321594042284893e+01
6.8470370604908544e+00
3.6104654584017815e-01
-2.5840361566193184e+01
1.3310133647378391e+01
3.8860031864002145e+00
-3.0004962615726534e+01
1.3359948170350366e+01
3.6397061714057588e+00
-3.0087845908224182e+01
1.4173000786020156e+01
2.4323647336944141e+01
-5.4189796873834119e+01
-4.3342298726538381e-01
2.2083895767904731e+00
-2.1552022180944697e+01
